@relation statlog-australian-credit
@attribute f1 real [-1.50323, 4.10703]
@attribute f2 real [-0.95592, 4.66864]
@attribute f3 real [-1.78269, 2.8678]
@attribute f4 real [-1.73011, 1.79936]
@attribute f5 real [-1.8535, 2.16193]
@attribute f6 real [-0.664395, 7.85193]
@attribute f7 real [-1.04674, 0.953958]
@attribute f8 real [-0.86357, 1.15631]
@attribute f9 real [-0.493529, 13.2841]
@attribute f10 real [-0.918529, 1.08712]
@attribute f11 real [-3.10892, 3.58423]
@attribute f12 real [-1.06886, 10.5483]
@attribute f13 real [-0.195272, 18.9982]
@attribute f14 real [-0.894654, 1.11613]
@attribute clase integer [0, 1]
@inputs f1, f2, f3, f4, f5, f6, f7, f8, f9, f10, f11, f12, f13, f14
@outputs clase
@data
0.12526317853361518,0.40928534854281934,0.5000002150311043,0.2307689256460602,0.37500018677949803,0.05561412933395566,0.0,0.0,0.0,1.0,0.5000000000000001,0.04999982784088366,0.01212002184909536,0.0,1
0.1341353163667994,0.25000017779168504,0.5000002150311043,0.5384618653792212,0.37500018677949803,0.005789469049149713,0.0,0.0,0.0,0.0,0.5000000000000001,0.07999975897723713,0.0,0.0,0
0.23804511733859038,0.06250017779168503,0.0,0.2307689256460602,0.37500018677949803,0.04385964603276647,0.0,0.0,0.0,1.0,0.5000000000000001,0.13999970732950223,0.0,0.0,0
0.11909768887716433,0.4107147936905287,0.0,0.30769208974718587,0.2500003735589961,0.0,1.0,1.0,0.16417984545816988,1.0,0.5000000000000001,0.0,0.0,1.0,0
0.09654133676514101,0.2917860241512225,0.5000002150311043,0.3846152538483115,0.37500018677949803,0.06877197617516945,1.0,1.0,0.20895605477546245,0.0,0.5000000000000001,0.029999845056795295,0.0015800163722332256,1.0,1
0.03127840777432776,0.020892834283926208,0.5000002150311043,0.5384618653792212,0.8749996887008363,0.05263162220793593,1.0,1.0,0.02985086911543343,0.0,0.5000000000000001,0.04999982784088366,0.0,1.0,0
0.05518817309714701,0.2321431365297908,0.5000002150311043,0.1538446282303009,0.37500018677949803,0.004386046798354921,0.0,0.0,0.0,0.0,0.5000000000000001,0.029999845056795295,0.0010000275093531795,0.0,1
0.6754891930142275,0.15928588191787446,0.5000002150311043,0.7692316410112567,0.8749996887008363,0.10666666666666666,1.0,1.0,0.08955256379744293,0.0,0.5000000000000001,0.021499833005657148,0.005600018589653816,1.0,0
0.21172940291537293,0.0357144381071586,0.0,0.07692373075844251,0.8749996887008363,0.10526324441587186,0.0,0.0,0.0,0.0,0.5000000000000001,0.08799975209087248,0.005370018514628307,0.0,1
0.6315785721160874,0.25285746796193836,0.5000002150311043,0.2307689256460602,0.8749996887008363,0.2368421825141713,1.0,1.0,0.044776281898721466,1.0,0.5000000000000001,0.04999982784088366,5.000137546765898E-4,0.0,0
0.29699265274693154,0.06250017779168503,0.5000002150311043,1.0,0.8749996887008363,0.1578947492022674,1.0,1.0,0.059701709198295295,1.0,0.5000000000000001,0.12649967806245244,0.008570017972777412,1.0,1
0.4160905198689544,0.1785716038232324,0.5000002150311043,0.7692316410112567,0.8749996887008363,0.1754387015526063,1.0,1.0,0.08955256379744293,1.0,0.5000000000000001,0.2349997761931488,0.0,1.0,1
0.1040600613875293,0.04464295873810574,0.0,0.5384618653792212,0.8749996887008363,0.0482456928311214,1.0,1.0,0.044776281898721466,1.0,0.5000000000000001,0.06999981062497203,0.002100036929222603,0.0,1
0.31834603030875575,0.1785716038232324,0.5000002150311043,1.0,0.8749996887008363,0.26315752393197767,1.0,1.0,0.08955256379744293,1.0,0.5000000000000001,0.0,0.010000020840419076,1.0,1
0.674136314538007,0.09678588191787448,0.5000002150311043,0.5384618653792212,0.37500018677949803,0.08473689061889958,0.0,0.0,0.0,1.0,0.5000000000000001,0.1599996901135906,0.0,0.0,1
0.5162416715089854,0.21571447366549565,0.5000002150311043,0.2307689256460602,0.37500018677949803,0.0014035396723351904,0.0,0.0,0.0,0.0,0.5000000000000001,0.0,0.026900031427351968,1.0,1
0.23804511733859038,0.16071445588632713,0.5000002150311043,0.6153850294803469,0.37500018677949803,0.26315752393197767,1.0,1.0,0.02985086911543343,1.0,0.5000000000000001,0.16499970732950223,0.0,1.0,1
0.07774505994374595,0.3214288762143172,0.5000002150311043,0.3846152538483115,0.37500018677949803,0.026315811103967964,1.0,1.0,0.02985086911543343,0.0,0.5000000000000001,0.04399982439770134,0.005910019823406625,1.0,0
0.09398494900414599,0.04464295873810574,0.0,0.2307689256460602,0.37500018677949803,0.004386046798354921,0.0,0.0,0.0,0.0,0.5000000000000001,0.06999981062497203,4.001360462557222E-5,0.0,1
0.21684217843736298,0.020892834283926208,0.5000002150311043,0.3846152538483115,0.37500018677949803,0.0014035396723351904,0.0,0.0,0.0,0.0,0.5000000000000001,0.12999967289767897,0.01004002089877225,0.0,0
0.08150424401008152,0.020892834283926208,0.0,0.3846152538483115,0.37500018677949803,0.02052634205481824,1.0,0.0,0.0,1.0,0.5000000000000001,0.07999975897723713,0.0,0.0,0
0.41233115755776023,0.04767857396845263,0.5000002150311043,0.07692373075844251,0.37500018677949803,0.005789469049149713,0.0,0.0,0.0,0.0,0.5000000000000001,0.0839997555340548,0.0,0.0,1
0.41849646896935255,0.06250017779168503,0.5000002150311043,0.2307689256460602,0.37500018677949803,0.0073684365028342524,1.0,0.0,0.0,0.0,0.5000000000000001,0.07999975897723713,0.0,0.0,1
0.08646658087147477,0.34232171049824345,0.5000002150311043,0.3846152538483115,0.37500018677949803,0.027719350776303154,0.0,0.0,0.0,0.0,0.5000000000000001,0.03999979340906038,0.003499992080640752,0.0,1
0.13157892860580436,0.0044643492113160795,0.0,0.2307689256460602,0.37500018677949803,0.004386046798354921,0.0,0.0,0.0,0.0,0.5000000000000001,0.0999997417613255,7.000296767567641E-4,0.0,1
0.29203013764067975,0.1085715149273899,0.0,0.5384618653792212,0.8749996887008363,0.07157899680906964,1.0,1.0,0.014925427299573824,1.0,0.5000000000000001,0.0899997503692813,0.18027025021840762,1.0,1
0.14030080602325026,0.08928573968452644,0.5000002150311043,0.5384618653792212,0.37500018677949803,0.038070176983616755,1.0,1.0,0.16417984545816988,1.0,0.5000000000000001,0.029999845056795295,0.021840029776790774,1.0,1
0.19924816318673286,0.026785739684526428,0.5000002150311043,0.5384618653792212,0.8749996887008363,0.14912289044863836,1.0,1.0,0.044776281898721466,1.0,0.5000000000000001,0.15599965912494965,0.0015000412640297706,1.0,1
0.10030069907633514,0.375,0.0,1.0,0.8749996887008363,0.0,0.0,0.0,0.0,1.0,0.5000000000000001,0.07699980029542505,3.200046349092029E-4,0.0,0
0.5801513655338613,0.04910730794942182,0.0,0.5384618653792212,0.8749996887008363,0.3319301459256193,1.0,0.0,0.0,1.0,0.5000000000000001,0.0999997417613255,0.0010000275093531795,0.0,1
0.14030080602325026,0.4107147936905287,0.5000002150311043,0.6153850294803469,0.8749996887008363,0.07456144522431918,1.0,1.0,0.16417984545816988,1.0,0.5000000000000001,0.14499972454541388,0.0028400281095572496,1.0,1
0.9184975384385037,0.678572190535793,0.0,0.0,0.0,0.0014035396723351904,0.0,1.0,0.02985086911543343,0.0,0.5000000000000001,0.0,0.003509995481797145,0.0,1
0.38842121399008245,0.49696509593639326,0.5000002150311043,0.6153850294803469,0.37500018677949803,0.30263112316638924,1.0,1.0,0.08955256379744293,1.0,0.5000000000000001,0.03499977619314875,0.0,1.0,1
0.5063169977861989,0.10714295873810575,0.5000002150311043,1.0,0.37500018677949803,0.4868420357372459,1.0,1.0,0.02985086911543343,1.0,0.5000000000000001,0.2594997400397343,0.01704001235420043,1.0,0
0.13278190315600347,0.05357147936905288,0.0,0.3846152538483115,0.37500018677949803,0.018947374601133705,0.0,0.0,0.0,1.0,0.5000000000000001,0.05999977619314875,6.70019473287585E-4,0.0,1
0.19548880087553874,0.040178609526789644,0.5000002150311043,1.0,0.8749996887008363,0.04385964603276647,1.0,0.0,0.0,0.0,0.5000000000000001,0.0,0.05298004446511814,1.0,1
0.7455643766955542,0.019285775242863436,0.5000002150311043,0.5384618653792212,0.37500018677949803,0.02052634205481824,1.0,1.0,0.044776281898721466,1.0,0.5000000000000001,0.0899997503692813,0.0,0.0,1
0.1052632141825869,0.36607130157736784,0.5000002150311043,0.7692316410112567,0.37500018677949803,0.024912271431632767,1.0,1.0,0.02985086911543343,1.0,0.5000000000000001,0.024499791687469224,0.0,1.0,0
0.1616541835850745,0.06250017779168503,0.0,0.5384618653792212,0.37500018677949803,0.005789469049149713,0.0,0.0,0.0,0.0,0.5000000000000001,0.06599977963633108,0.0,0.0,0
0.03639047031688373,0.001428556189284142,0.5000002150311043,0.5384618653792212,0.37500018677949803,0.0014035396723351904,0.0,0.0,0.0,0.0,0.5000000000000001,0.0,0.0,1.0,1
0.23684214278839125,0.07142869842263216,0.0,0.692308476910131,0.8749996887008363,0.07017548062104252,0.0,0.0,0.0,0.0,0.5000000000000001,0.12799970044313758,1.700057186109938E-4,0.0,0
0.5876697336665324,0.5357147936905288,0.5000002150311043,0.5384618653792212,0.37500018677949803,0.19298253648140481,1.0,1.0,0.20895605477546245,0.0,0.5000000000000001,0.0,0.022000032094245378,1.0,0
0.27939861967181556,0.12500017779168504,0.5000002150311043,0.2307689256460602,0.37500018677949803,0.0175439523503389,0.0,0.0,0.0,1.0,0.5000000000000001,0.11599969355677292,0.0,0.0,1
0.11022555104398016,0.1473215682648954,0.0,0.1538446282303009,0.8749996887008363,0.0014035396723351904,0.0,0.0,0.0,0.0,0.5000000000000001,0.06999981062497203,0.0010000275093531795,0.0,1
0.21684217843736298,0.0044643492113160795,0.0,0.2307689256460602,0.37500018677949803,0.00298250712601973,0.0,0.0,0.0,0.0,0.5000000000000001,0.1079997176590492,0.021000004584892196,0.0,1
0.07894821273880354,0.06250017779168503,0.0,0.5384618653792212,0.37500018677949803,0.08192986998499939,0.0,0.0,0.0,1.0,0.5000000000000001,0.05599974520450782,6.002040693835978E-5,0.0,1
0.20797004060417876,0.11607147936905289,0.0,0.7692316410112567,0.8749996887008363,0.17842109125708566,0.0,1.0,0.02985086911543343,1.0,0.5000000000000001,0.18449948180105982,1.0003401156393056E-5,0.0,1
0.39473714230713014,0.2321431365297908,0.5000002150311043,0.3846152538483115,0.5000002490393307,0.12280707934467039,1.0,1.0,0.014925427299573824,0.0,0.5000000000000001,0.0,0.005000017714356215,1.0,1
0.35458659669961823,0.08928573968452644,0.5000002150311043,0.1538446282303009,0.8749996887008363,0.0073684365028342524,0.0,0.0,0.0,0.0,0.5000000000000001,0.12999967289767897,0.0024600030677096882,0.0,0
0.43233112190878853,0.17553589969704297,0.0,0.6153850294803469,0.37500018677949803,0.11105271346502159,1.0,0.0,0.0,1.0,0.5000000000000001,0.025999814068154343,0.014420022599350447,1.0,1
0.6466170908300151,0.4375008889584252,0.5000002150311043,0.4615387012780956,0.37500018677949803,0.04385964603276647,1.0,1.0,0.059701709198295295,1.0,0.5000000000000001,0.0999997417613255,0.0,1.0,1
0.15037591840663356,0.025357183495242287,0.5000002150311043,0.6153850294803469,0.37500018677949803,0.008771976175169444,0.0,1.0,0.014925427299573824,1.0,0.5000000000000001,0.11999972454541387,4.001360462557222E-5,0.0,0
0.07142806215754707,0.07142869842263216,0.5000002150311043,0.1538446282303009,0.37500018677949803,0.05263162220793593,1.0,1.0,0.02985086911543343,0.0,0.5000000000000001,0.05999977619314875,0.0030000304270118502,1.0,1
0.42481221904154176,0.3496433498798128,0.5000002150311043,1.0,0.8749996887008363,0.27929828887460256,1.0,1.0,0.11940363614087736,0.0,0.5000000000000001,0.0,0.0,1.0,1
0.08646658087147477,0.005892905400600222,0.5000002150311043,0.7692316410112567,0.37500018677949803,0.0014035396723351904,0.0,0.0,0.0,1.0,0.5000000000000001,0.18999996556817675,0.0,0.0,0
0.26315799980749555,0.10125005333750552,0.5000002150311043,0.0,0.0,0.0,0.0,1.0,0.07462713649786912,0.0,0.5000000000000001,0.08799975209087248,0.001460027659404197,0.0,1
0.5263160709129345,0.9405357930220319,0.0,0.0,0.0,0.0,1.0,0.0,0.0,1.0,0.5000000000000001,0.0,0.0,0.0,1
0.25067679572782725,0.04910730794942182,0.5000002150311043,0.6153850294803469,0.8749996887008363,0.0014035396723351904,0.0,1.0,0.044776281898721466,0.0,0.5000000000000001,0.0,3.3000803606559595E-4,0.0,0
0.23563916823819217,0.04464295873810574,0.5000002150311043,0.6153850294803469,0.37500018677949803,0.061403598383105384,0.0,0.0,0.0,0.0,0.5000000000000001,0.0999997417613255,0.0,0.0,1
0.21804515298756205,0.18000017779168506,0.0,0.5384618653792212,0.5000002490393307,0.05263162220793593,1.0,1.0,0.11940363614087736,1.0,0.5000000000000001,0.07199978307951342,7.002380809475283E-5,1.0,1
0.3984965046183243,0.7678573968452643,0.5000002150311043,0.692308476910131,1.0,0.7017539842596424,1.0,1.0,0.16417984545816988,0.0,0.5000000000000001,0.0,0.012000022716056793,1.0,1
0.34210535697097816,0.15178591747621148,0.5000002150311043,0.7692316410112567,0.37500018677949803,0.12280707934467039,0.0,0.0,0.0,0.0,0.5000000000000001,0.22699954205675055,5.000137546765898E-4,0.0,1
0.14030080602325026,0.0,0.5000002150311043,0.2307689256460602,0.37500018677949803,0.03508778727913742,0.0,1.0,0.16417984545816988,0.0,0.0,0.0,0.0,0.0,1
0.27699259927347397,0.052142923179768735,0.5000002150311043,0.6153850294803469,0.37500018677949803,0.038070176983616755,1.0,1.0,0.23880661904889441,0.0,0.5000000000000001,0.05999977619314875,0.020790037362703316,1.0,0
0.1717292959684578,0.12500017779168504,0.5000002150311043,0.9230791025281416,0.37500018677949803,0.021929881727153436,1.0,1.0,0.10447799109701676,0.0,0.5000000000000001,0.0,0.07059025068523297,1.0,1
0.32210539261994986,0.1339286984226322,0.5000002150311043,0.0,0.0,0.0,0.0,1.0,0.08955256379744293,0.0,0.5000000000000001,0.0,0.0020000029176586707,0.0,0
0.0726312149526047,0.3571426031547357,0.5000002150311043,0.07692373075844251,0.37500018677949803,0.01456144522431917,0.0,0.0,0.0,0.0,0.5000000000000001,0.03999979340906038,4.200386464731349E-4,0.0,0
0.3935339895120725,0.1785716038232324,0.5000002150311043,0.1538446282303009,0.5000002490393307,0.0073684365028342524,0.0,0.0,0.0,0.0,0.5000000000000001,0.27499922528397647,0.0,0.0,1
0.3583461372556709,0.0,0.5000002150311043,0.5384618653792212,0.37500018677949803,0.0,0.0,0.0,0.0,0.0,1.0,0.09199975017990629,0.0,1.0,1
0.16541354589626864,0.4880363975137611,0.5000002150311043,0.7692316410112567,0.8749996887008363,0.05263162220793593,0.0,0.0,0.0,0.0,0.5000000000000001,0.13999970732950223,1.0003401156393056E-5,0.0,0
0.5,0.4642869842263217,0.5000002150311043,0.1538446282303009,0.5000002490393307,0.18122817060175603,1.0,1.0,0.1343285553704487,1.0,0.5000000000000001,0.0,0.0,1.0,0
0.3070677651303148,0.18750019557085354,0.5000002150311043,0.6153850294803469,0.37500018677949803,0.00298250712601973,0.0,0.0,0.0,1.0,0.5000000000000001,0.14499972454541388,6.002040693835978E-5,1.0,1
0.12661659174441114,0.020892834283926208,0.0,0.0,0.0,0.0,0.0,0.0,0.0,0.0,0.5000000000000001,0.04999982784088366,0.0,0.0,1
0.2105264283651738,0.04607151492738988,0.5000002150311043,0.2307689256460602,0.8749996887008363,0.008771976175169444,0.0,0.0,0.0,1.0,0.0,0.06999981062497203,0.0,0.0,1
0.4360904842199827,0.14589301207561126,0.5000002150311043,0.3846152538483115,0.37500018677949803,0.0014035396723351904,0.0,0.0,0.0,0.0,0.5000000000000001,0.05399977274996644,0.0010000275093531795,0.0,1
0.22436090305975123,0.5178573968452644,0.5000002150311043,0.07692373075844251,0.37500018677949803,0.004386046798354921,0.0,0.0,0.0,0.0,0.5000000000000001,0.0,0.0028600349118700357,0.0,1
0.378496540267296,0.05946438476965309,0.5000002150311043,0.3846152538483115,0.37500018677949803,0.008771976175169444,0.0,0.0,0.0,0.0,0.5000000000000001,0.0,0.0039000239248010993,0.0,0
0.05383529462092666,0.33928609526789655,0.5000002150311043,0.3846152538483115,0.37500018677949803,0.061403598383105384,0.0,1.0,0.1492542004143093,1.0,0.5000000000000001,0.0,1.0003401156393199E-4,0.0,0
0.38090248936769416,0.14285721905357932,0.5000002150311043,0.5384618653792212,0.37500018677949803,0.10526324441587186,0.0,0.0,0.0,0.0,0.5000000000000001,0.23999927693171136,0.0,0.0,0
0.3747369997112433,0.007499964441662992,0.5000002150311043,0.2307689256460602,0.37500018677949803,0.00298250712601973,1.0,0.0,0.0,1.0,0.5000000000000001,0.13999970732950223,0.0,1.0,1
0.2093234538149747,0.49107130157736784,0.5000002150311043,0.6153850294803469,0.37500018677949803,0.20175427781349348,1.0,0.0,0.0,1.0,0.5000000000000001,0.24349927176693792,0.005000017714356215,1.0,1
0.2105264283651738,0.020892834283926208,0.0,0.9230791025281416,0.37500018677949803,0.008771976175169444,1.0,1.0,0.02985086911543343,0.0,0.5000000000000001,0.12999967289767897,0.005000017714356215,1.0,1
0.07894821273880354,0.0,0.0,0.0,0.0,0.0,0.0,1.0,0.059701709198295295,0.0,0.5000000000000001,0.02249981923292784,1.0003401156393056E-5,0.0,1
0.16917290820746275,0.03125008889584253,0.5000002150311043,1.0,0.8749996887008363,0.03649120952993221,1.0,0.0,0.0,1.0,0.5000000000000001,0.07999975897723713,0.05860002817624659,1.0,0
0.2093234538149747,0.07142869842263216,0.5000002150311043,1.0,0.8749996887008363,0.03508778727913742,1.0,1.0,0.059701709198295295,0.0,0.5000000000000001,0.06999981062497203,0.07543981620417609,1.0,1
0.12781956629461025,0.3214288762143172,0.5000002150311043,0.3846152538483115,0.37500018677949803,0.00298250712601973,0.0,0.0,0.0,0.0,0.5000000000000001,0.0,0.0,0.0,1
0.5425559599733346,0.4851792851351928,0.5000002150311043,0.2307689256460602,0.8749996887008363,0.2982454286326555,1.0,0.0,0.0,1.0,0.5000000000000001,0.0,0.0,1.0,0
0.5049623368613932,0.2321431365297908,0.5000002150311043,0.5384618653792212,0.37500018677949803,0.03508778727913742,0.0,0.0,0.0,1.0,0.5000000000000001,0.0,0.0022799939479423003,0.0,1
0.21172940291537293,0.14285721905357932,0.0,0.1538446282303009,0.8749996887008363,0.20175427781349348,1.0,1.0,0.02985086911543343,1.0,0.5000000000000001,0.03749978480110457,0.0,0.0,1
0.33082727003739576,0.03267864508512665,0.5000002150311043,0.3846152538483115,0.37500018677949803,0.026315811103967964,1.0,1.0,0.059701709198295295,0.0,0.5000000000000001,0.0,0.01583001762265837,1.0,0
0.2981956272971306,0.008928698422632178,0.5000002150311043,0.1538446282303009,0.5000002490393307,0.14035091427346888,0.0,0.0,0.0,1.0,0.0,0.20999969011359063,0.0,0.0,1
0.3057143519195189,0.002857112378568284,0.0,0.4615387012780956,0.5000002490393307,0.0014035396723351904,1.0,1.0,0.014925427299573824,1.0,0.5000000000000001,0.13999970732950223,0.020000029176586706,1.0,1
0.1052632141825869,0.369107983557825,0.5000002150311043,0.9230791025281416,0.8749996887008363,0.011754365879648789,1.0,1.0,0.014925427299573824,1.0,0.5000000000000001,0.03999979340906038,5.000137546765898E-4,1.0,0
0.29203013764067975,0.0357144381071586,0.5000002150311043,1.0,0.37500018677949803,0.026315811103967964,1.0,1.0,0.10447799109701676,1.0,0.5000000000000001,0.1699996384658557,0.04071003933003888,1.0,1
0.1353382909169985,0.39285739684526433,0.5000002150311043,0.7692316410112567,0.37500018677949803,0.08771935077630315,1.0,1.0,0.10447799109701676,1.0,0.5000000000000001,0.04999982784088366,0.008090021440623147,1.0,1
0.5263160709129345,0.3035716571607379,0.5000002150311043,0.5384618653792212,0.8749996887008363,0.43859704743536676,1.0,1.0,0.1343285553704487,0.0,0.5000000000000001,0.09049975209087247,0.01655000200068023,1.0,1
0.4034588414797175,0.1785716038232324,0.5000002150311043,0.5384618653792212,0.37500018677949803,0.1754387015526063,1.0,1.0,0.10447799109701676,0.0,0.5000000000000001,0.0,0.03065000433480717,1.0,1
0.1040600613875293,0.029821532706558386,0.0,0.5384618653792212,0.37500018677949803,0.07017548062104252,0.0,0.0,0.0,1.0,0.0,0.11999972454541387,0.0,0.0,1
0.37593997426144243,0.05357147936905288,0.5000002150311043,0.0,0.0,0.0,0.0,0.0,0.0,0.0,0.5000000000000001,0.037999820954519,0.0,0.0,0
0.6515794276914082,0.6964295873810574,0.5000002150311043,0.5384618653792212,0.37500018677949803,0.19298253648140481,1.0,1.0,0.10447799109701676,0.0,0.5000000000000001,0.0,0.03000004376488006,1.0,0
0.6703771304716716,0.3571426031547357,0.5000002150311043,0.7692316410112567,0.37500018677949803,0.14035091427346888,1.0,1.0,0.20895605477546245,0.0,0.5000000000000001,0.0,0.01602003014358215,1.0,0
0.48496326373465753,0.14285721905357932,0.5000002150311043,0.30769208974718587,0.2500003735589961,0.0,1.0,0.0,0.0,0.0,0.5000000000000001,0.04999982784088366,0.009600019214866388,1.0,0
0.10902257649378105,0.10714295873810575,0.0,0.07692373075844251,0.37500018677949803,0.038070176983616755,1.0,1.0,0.11940363614087736,1.0,0.5000000000000001,0.07999975897723713,1.0003401156393056E-5,1.0,1
0.16541354589626864,0.44642958738105737,0.5000002150311043,0.3846152538483115,0.37500018677949803,0.05263162220793593,1.0,1.0,0.17910476468774125,1.0,0.5000000000000001,0.05999977619314875,0.005670016347224723,1.0,0
0.16285715813527357,0.48214260315473567,0.0,0.0,0.0,0.0,0.0,0.0,0.0,0.0,0.5000000000000001,0.09199975017990629,0.0,0.0,1
0.1917294385643446,0.09678588191787448,0.0,0.5384618653792212,0.37500018677949803,0.00298250712601973,0.0,0.0,0.0,0.0,0.0,0.03999979340906038,0.0,0.0,0
0.4085716170017076,0.029821532706558386,0.5000002150311043,0.0,0.0,0.0,1.0,0.0,0.0,0.0,0.5000000000000001,0.0649997934090604,1.0003401156393056E-5,0.0,1
0.3696242241892533,0.15767873398096918,0.5000002150311043,0.5384618653792212,0.37500018677949803,0.004386046798354921,0.0,0.0,0.0,0.0,0.5000000000000001,0.07999975897723713,0.0,0.0,0
0.08766973366653241,0.020892834283926208,0.5000002150311043,0.0,0.0,0.0,0.0,1.0,0.044776281898721466,0.0,0.5000000000000001,0.1749996556817673,0.007690020857091411,0.0,1
0.18045117338590366,0.017857219053579294,0.5000002150311043,0.5384618653792212,0.37500018677949803,0.05122808253560074,1.0,1.0,0.07462713649786912,1.0,0.5000000000000001,0.15599965912494965,0.0,1.0,1
0.4861664165297152,0.10714295873810575,0.5000002150311043,0.5384618653792212,0.37500018677949803,0.08333337443087246,1.0,1.0,0.11940363614087736,1.0,0.5000000000000001,0.19799933890899327,0.04159002602551534,1.0,0
0.08902261214275276,0.3571426031547357,0.0,0.2307689256460602,0.8749996887008363,0.029298318229987696,1.0,0.0,0.0,1.0,0.5000000000000001,0.06999981062497203,0.0,0.0,1
0.07639039901894032,0.12642873398096918,0.0,0.0,0.0,0.0,0.0,0.0,0.0,1.0,0.5000000000000001,0.0899997503692813,1.0003401156393056E-5,0.0,1
0.04135280717827694,0.04464295873810574,0.5000002150311043,0.7692316410112567,0.37500018677949803,0.008771976175169444,0.0,1.0,0.014925427299573824,0.0,0.5000000000000001,0.05399977274996644,9.800207070403933E-4,0.0,0
0.8258654679105781,0.5357147936905288,0.5000002150311043,0.692308476910131,1.0,0.0,1.0,1.0,0.20895605477546245,0.0,0.5000000000000001,0.0,0.03376002007349165,1.0,0
0.9473696406227162,0.7960729372608703,0.5000002150311043,0.692308476910131,1.0,0.44736843650283425,1.0,1.0,0.014925427299573824,1.0,0.5000000000000001,0.0,0.0010900060187130289,1.0,1
0.03263128625054811,0.10267860952678966,0.5000002150311043,0.7692316410112567,0.37500018677949803,0.00298250712601973,0.0,0.0,0.0,0.0,0.5000000000000001,0.05999977619314875,0.0,0.0,0
0.31699261709795984,0.14285721905357932,0.5000002150311043,0.07692373075844251,0.5000002490393307,0.43859704743536676,1.0,0.0,0.0,1.0,0.5000000000000001,0.09199975017990629,0.0,0.0,1
0.1416542192340462,0.0,0.5000002150311043,0.5384618653792212,0.37500018677949803,0.0,0.0,0.0,0.0,0.0,1.0,0.09199975017990629,0.0,1.0,1
0.4724807762920078,0.05357147936905288,0.5000002150311043,0.5384618653792212,0.37500018677949803,0.08771935077630315,1.0,0.0,0.0,1.0,0.5000000000000001,0.06999981062497203,0.0,0.0,1
0.021353734051541305,0.25000017779168504,0.5000002150311043,0.692308476910131,0.37500018677949803,0.03508778727913742,0.0,0.0,0.0,0.0,0.5000000000000001,0.2999993113635347,0.0,0.0,1
0.07639039901894032,0.014821426031547355,0.0,0.5384618653792212,0.37500018677949803,0.005789469049149713,0.0,1.0,0.014925427299573824,0.0,0.5000000000000001,0.0999997417613255,1.0003401156393056E-5,0.0,1
0.5827073968051392,0.2321431365297908,0.5000002150311043,0.2307689256460602,0.37500018677949803,0.2207014175715464,1.0,1.0,0.22388169981932304,0.0,0.5000000000000001,0.0,0.11201996178700759,1.0,1
0.08150424401008152,0.0,0.0,0.4615387012780956,0.5000002490393307,0.0,0.0,0.0,0.0,1.0,0.0,0.25,1.0003401156393056E-5,1.0,1
0.06390969402487588,0.005892905400600222,0.5000002150311043,0.7692316410112567,0.749999377401673,0.0073684365028342524,0.0,0.0,0.0,0.0,0.5000000000000001,0.0999997417613255,4.0003184416034733E-4,1.0,1
0.1341353163667994,0.05660727239108481,0.0,0.6153850294803469,0.37500018677949803,0.10824563412035121,1.0,1.0,0.08955256379744293,0.0,0.5000000000000001,0.03999979340906038,0.0,1.0,1
0.5124807049940644,0.14875012445417954,0.5000002150311043,1.0,0.5000002490393307,0.00298250712601973,0.0,0.0,0.0,1.0,0.5000000000000001,0.25999986227270694,0.0,0.0,1
0.29067690267474233,0.05803582858036895,0.5000002150311043,0.07692373075844251,0.37500018677949803,0.018947374601133705,0.0,0.0,0.0,1.0,0.5000000000000001,0.0,0.0,0.0,0
0.4410528210813759,0.013392869842263214,0.0,0.5384618653792212,0.37500018677949803,0.013157905551983979,1.0,1.0,0.11940363614087736,1.0,0.5000000000000001,0.14999965568176735,0.0016200299768587992,1.0,1
0.3120302802365666,0.14428595303454847,0.0,0.1538446282303009,0.5000002490393307,0.2982454286326555,1.0,1.0,0.10447799109701676,1.0,0.5000000000000001,0.09749974176132549,0.0,1.0,1
0.06766887809121146,0.005892905400600222,0.5000002150311043,0.07692373075844251,0.37500018677949803,0.008771976175169444,0.0,0.0,0.0,1.0,0.0,0.13999970732950223,0.0,0.0,1
0.13157892860580436,0.3021431009714538,0.0,1.0,0.37500018677949803,0.08631583458827605,0.0,0.0,0.0,0.0,0.5000000000000001,0.08199973143177851,0.0,1.0,0
0.06270654122981824,0.007321461589884363,0.5000002150311043,0.3846152538483115,0.37500018677949803,0.0014035396723351904,0.0,0.0,0.0,0.0,0.5000000000000001,0.13999970732950223,0.007500018756377169,0.0,1
0.07022490936248943,0.37196509593639326,0.0,0.3846152538483115,0.37500018677949803,0.004386046798354921,1.0,0.0,0.0,0.0,0.5000000000000001,0.05999977619314875,0.003750025008502891,0.0,1
0.2093234538149747,0.05357147936905288,0.5000002150311043,0.4615387012780956,0.37500018677949803,0.07017548062104252,1.0,0.0,0.0,0.0,0.0,0.18399935956808725,0.0,0.0,0
0.7330836717014898,0.45535828580368953,0.0,0.5384618653792212,0.8749996887008363,0.1754387015526063,1.0,0.0,0.0,0.0,0.5000000000000001,0.05599974520450782,0.0,0.0,1
0.14661655609543944,0.3214288762143172,0.5000002150311043,0.7692316410112567,0.37500018677949803,0.2982454286326555,1.0,1.0,0.07462713649786912,1.0,0.5000000000000001,0.05999977619314875,0.0,1.0,0
0.323308367170149,0.11303586413870598,0.5000002150311043,1.0,0.8749996887008363,0.1315790555198398,1.0,0.0,0.0,1.0,0.5000000000000001,0.3399996212499441,0.0,0.0,1
0.6478202436250725,0.15178591747621148,0.0,0.0,0.0,0.1754387015526063,0.0,0.0,0.0,1.0,0.5000000000000001,0.0,4.001360462557222E-5,0.0,0
0.41233115755776023,0.14428595303454847,0.5000002150311043,0.9230791025281416,0.8749996887008363,0.24561357158163877,1.0,1.0,0.11940363614087736,0.0,0.5000000000000001,0.1599996901135906,0.0,1.0,1
0.42736860680253674,0.18000017779168506,0.5000002150311043,0.7692316410112567,0.8749996887008363,0.44736843650283425,1.0,0.0,0.0,1.0,0.5000000000000001,0.045999796852242716,0.0,1.0,1
0.41233115755776023,0.04464295873810574,0.0,0.6153850294803469,0.37500018677949803,0.008771976175169444,0.0,0.0,0.0,0.0,0.5000000000000001,0.0,0.0019500380129243938,0.0,1
0.30075201505812565,0.026785739684526428,0.5000002150311043,0.2307689256460602,0.5000002490393307,0.03508778727913742,1.0,1.0,0.044776281898721466,1.0,0.5000000000000001,0.10599974520450782,0.0,0.0,0
0.1792481988357046,0.44642958738105737,0.5000002150311043,0.9230791025281416,0.37500018677949803,0.04245622378197168,1.0,1.0,1.0,1.0,0.5000000000000001,0.06999981062497203,0.002579991780538717,1.0,1
0.15909779582407946,0.2366073079494218,0.0,0.07692373075844251,0.37500018677949803,0.19298253648140481,1.0,0.0,0.0,1.0,0.0,0.04999982784088366,0.0,1.0,1
0.14406016833444438,0.41517914290184477,0.0,0.6153850294803469,0.37500018677949803,0.029298318229987696,1.0,0.0,0.0,1.0,0.5000000000000001,0.07999975897723713,0.0030000304270118502,1.0,1
0.25443619368799303,0.08928573968452644,0.5000002150311043,0.9230791025281416,0.8749996887008363,0.07894741452445743,0.0,0.0,0.0,1.0,0.0,0.1699996384658557,0.0,0.0,1
0.18796989800829192,0.05500003555833702,0.5000002150311043,0.6153850294803469,0.37500018677949803,0.004386046798354921,0.0,0.0,0.0,0.0,0.5000000000000001,0.04999982784088366,0.0,0.0,1
0.24060168334444393,0.023750124454179535,0.5000002150311043,0.6153850294803469,0.37500018677949803,0.008771976175169444,0.0,0.0,0.0,1.0,0.5000000000000001,0.14999965568176735,0.0,0.0,0
0.13909783147305116,0.06553579302203194,0.5000002150311043,0.30769208974718587,0.2500003735589961,0.0,0.0,1.0,0.014925427299573824,0.0,0.5000000000000001,0.0999997417613255,5.300239581457689E-4,0.0,0
0.052632141825869026,0.10714295873810575,0.5000002150311043,0.2307689256460602,0.37500018677949803,0.0014035396723351904,0.0,0.0,0.0,1.0,0.5000000000000001,0.07999975897723713,4.0003184416034733E-4,0.0,1
0.14541358154524034,0.020892834283926208,0.5000002150311043,0.5384618653792212,0.8749996887008363,0.00298250712601973,1.0,0.0,0.0,0.0,0.5000000000000001,0.0899997503692813,0.0,0.0,1
0.07518724622388269,0.2678573968452644,0.5000002150311043,0.7692316410112567,0.37500018677949803,0.09508772856836722,1.0,1.0,0.07462713649786912,0.0,0.5000000000000001,0.09199975017990629,0.26726024348278415,1.0,0
0.0500743281060058,0.008928698422632178,0.5000002150311043,0.7692316410112567,0.37500018677949803,0.011754365879648789,0.0,1.0,0.059701709198295295,0.0,0.5000000000000001,0.07999975897723713,8.00272092511459E-5,0.0,1
0.03503759184066338,0.01196431365297907,0.5000002150311043,0.0,0.0,0.0,0.0,1.0,0.014925427299573824,0.0,0.5000000000000001,0.07999975897723713,0.001260011737324024,0.0,0
0.28827077532948564,0.08928573968452644,0.5000002150311043,0.3846152538483115,0.37500018677949803,0.061403598383105384,0.0,1.0,0.02985086911543343,1.0,0.5000000000000001,0.3599993457953579,0.0,0.0,1
0.09894728586553922,0.3571426031547357,0.5000002150311043,0.5384618653792212,0.8749996887008363,0.03508778727913742,1.0,1.0,0.059701709198295295,0.0,0.5000000000000001,0.024999827840883653,0.014650022674375955,1.0,0
0.12030066342736344,0.06250017779168503,0.0,0.30769208974718587,0.2500003735589961,0.0,0.0,0.0,0.0,0.0,0.5000000000000001,0.07999975897723713,0.0,0.0,0
0.29203013764067975,0.03714299429644275,0.5000002150311043,0.8461553717696992,0.8749996887008363,0.2280707934467038,1.0,0.0,0.0,1.0,0.5000000000000001,0.08199973143177851,0.3128502232425691,1.0,1
0.1741354233137145,0.07446431365297908,0.5000002150311043,0.5384618653792212,0.8749996887008363,0.09649126824070241,1.0,0.0,0.0,1.0,0.5000000000000001,0.1799992424998881,1.0003401156393056E-5,0.0,0
0.2568422140863347,0.0,0.5000002150311043,0.6153850294803469,0.37500018677949803,0.04385964603276647,1.0,1.0,0.014925427299573824,0.0,0.5000000000000001,0.10099972798859619,0.0,1.0,1
0.1052632141825869,0.1816073257285903,0.0,0.30769208974718587,0.37500018677949803,0.010175515847504648,0.0,0.0,0.0,0.0,0.5000000000000001,0.06999981062497203,0.00184000060020407,0.0,1
0.23563916823819217,0.04464295873810574,0.5000002150311043,0.5384618653792212,0.8749996887008363,0.008771976175169444,0.0,1.0,0.02985086911543343,1.0,0.5000000000000001,0.1999998278408837,0.0010800026175566359,0.0,1
0.4085716170017076,0.017857219053579294,0.0,0.4615387012780956,0.37500018677949803,0.0175439523503389,0.0,0.0,0.0,1.0,0.5000000000000001,0.0649997934090604,0.0,0.0,1
0.23684214278839125,0.01642866286429517,0.5000002150311043,0.2307689256460602,0.37500018677949803,0.018947374601133705,1.0,1.0,0.059701709198295295,0.0,0.5000000000000001,0.18999996556817675,0.005000017714356215,1.0,0
0.6115794989893516,0.017857219053579294,0.0,0.2307689256460602,0.8749996887008363,0.13894737460113368,1.0,0.0,0.0,0.0,0.5000000000000001,0.0899997503692813,0.003140025942153665,1.0,1
0.30451137736931977,0.19642869842263216,0.0,0.5384618653792212,0.37500018677949803,0.05263162220793593,0.0,0.0,0.0,1.0,0.5000000000000001,0.029999845056795295,0.0,0.0,1
0.16917290820746275,0.42857219053579304,0.5000002150311043,0.2307689256460602,0.37500018677949803,0.07894741452445743,1.0,1.0,0.02985086911543343,1.0,0.5000000000000001,0.05999977619314875,5.001700578196528E-5,0.0,1
0.1929324131145437,0.09071447366549562,0.0,0.0,0.0,0.0,0.0,0.0,0.0,1.0,0.5000000000000001,0.0899997503692813,5.999956651928321E-4,0.0,0
0.29067690267474233,0.1651787517601377,0.5000002150311043,0.7692316410112567,0.8749996887008363,0.057017551584750456,1.0,1.0,0.02985086911543343,0.0,0.5000000000000001,0.0,0.0,1.0,0
0.2995490405079266,0.07732160382323239,0.5000002150311043,0.5384618653792212,0.37500018677949803,0.05263162220793593,0.0,0.0,0.0,0.0,1.0,0.05999977619314875,0.0,0.0,1
0.33714302010958497,0.19642869842263216,0.5000002150311043,0.1538446282303009,0.5000002490393307,0.1754387015526063,0.0,0.0,0.0,0.0,0.5000000000000001,0.10499975897723712,0.006870018097819926,0.0,1
0.08646658087147477,0.0103572546119163,0.5000002150311043,0.2307689256460602,0.37500018677949803,0.010175515847504648,0.0,0.0,0.0,0.0,0.5000000000000001,0.13999970732950223,0.003640039696830256,0.0,1
0.15669166847882274,0.03125008889584253,0.5000002150311043,0.7692316410112567,0.37500018677949803,0.1622807960006223,1.0,1.0,0.02985086911543343,1.0,0.5000000000000001,0.25999986227270694,0.020000029176586706,1.0,1
0.09398494900414599,0.25000017779168504,0.5000002150311043,0.5384618653792212,0.37500018677949803,0.0175439523503389,0.0,0.0,0.0,0.0,0.5000000000000001,0.0,0.0,0.0,1
0.1741354233137145,0.020714331432147577,0.5000002150311043,0.5384618653792212,0.37500018677949803,0.010175515847504648,1.0,1.0,0.10447799109701676,1.0,0.5000000000000001,0.0479997693067841,0.05124002577543031,1.0,1
0.23804511733859038,0.16964303341061346,0.5000002150311043,0.4615387012780956,0.37500018677949803,0.07017548062104252,0.0,1.0,0.014925427299573824,1.0,0.5000000000000001,0.22999941465900448,6.80022874443978E-4,0.0,1
0.22556405585480888,0.041607165716073785,0.5000002150311043,0.2307689256460602,0.37500018677949803,0.0175439523503389,1.0,0.0,0.0,0.0,0.0,0.13999970732950223,0.0,0.0,1
0.09774431131534012,0.3557149359238767,0.5000002150311043,0.692308476910131,0.12500031129916347,0.0,1.0,0.0,0.0,0.0,0.5000000000000001,0.0,0.0,1.0,1
0.4699247450207299,0.3035716571607379,0.5000002150311043,0.9230791025281416,0.8749996887008363,0.4912277302709796,1.0,1.0,0.014925427299573824,1.0,0.5000000000000001,0.04399982439770134,0.020000029176586706,1.0,1
0.13654144371205612,0.08178577524286344,0.5000002150311043,0.7692316410112567,0.8749996887008363,0.08035092601562294,1.0,1.0,0.10447799109701676,1.0,0.5000000000000001,0.06999981062497203,0.023840032694449446,1.0,0
0.1040600613875293,0.10714295873810575,0.5000002150311043,0.7692316410112567,0.37500018677949803,0.005789469049149713,1.0,1.0,0.044776281898721466,0.0,0.5000000000000001,0.04999982784088366,6.002040693835978E-5,1.0,0
0.4085716170017076,0.0803572190535793,0.0,1.0,0.8749996887008363,0.3508772856836722,1.0,0.0,0.0,1.0,0.5000000000000001,0.08799975209087248,0.0,0.0,1
0.6416547539686217,1.0,0.0,0.5384618653792212,0.37500018677949803,1.0,1.0,1.0,0.597017019401524,0.0,0.5000000000000001,0.0,1.4999891629820767E-4,1.0,1
0.756841928894561,0.005892905400600222,0.5000002150311043,0.0,0.0,0.0,1.0,1.0,0.014925427299573824,0.0,0.5000000000000001,0.11599969355677292,0.0010000275093531795,1.0,0
0.13037595405560526,0.4017860952678965,0.0,1.0,0.8749996887008363,0.026315811103967964,1.0,1.0,0.059701709198295295,0.0,0.5000000000000001,0.0,0.0032099976492007284,1.0,0
0.8383461729046425,0.2142859174762115,0.5000002150311043,0.0,0.0,0.0,0.0,0.0,0.0,0.0,0.0,0.0,0.0,0.0,0
0.3282708822764007,0.026785739684526428,0.5000002150311043,0.2307689256460602,0.37500018677949803,0.05263162220793593,0.0,0.0,0.0,1.0,0.5000000000000001,0.11549974348291665,0.0,0.0,1
0.5200008555753209,0.42857219053579304,0.5000002150311043,0.4615387012780956,0.37500018677949803,0.5614035396723351,1.0,0.0,0.0,0.0,0.0,0.05499975897723713,0.0,1.0,1
0.21548876522656704,0.5357147936905288,0.0,0.692308476910131,1.0,0.0,1.0,0.0,0.0,0.0,0.5000000000000001,0.0,0.13212002497515823,1.0,0
0.32210539261994986,0.08928573968452644,0.5000002150311043,0.2307689256460602,0.37500018677949803,0.1578947492022674,1.0,1.0,0.10447799109701676,0.0,0.5000000000000001,0.0749997417613255,0.012700021132184944,1.0,1
1.0,0.19642869842263216,0.5000002150311043,0.5384618653792212,0.37500018677949803,0.018947374601133705,1.0,0.0,0.0,0.0,0.5000000000000001,0.0,0.0034000101701245097,0.0,1
0.23308278047719713,0.4642869842263217,0.5000002150311043,0.07692373075844251,0.8749996887008363,0.0175439523503389,0.0,0.0,0.0,0.0,0.5000000000000001,0.11399972110223153,0.0,0.0,1
0.04766980496447582,0.017857219053579294,0.5000002150311043,0.1538446282303009,0.37500018677949803,0.005789469049149713,0.0,1.0,0.08955256379744293,1.0,0.5000000000000001,0.11999972454541387,3.5001483837838207E-4,0.0,0
0.03383443904560575,0.005892905400600222,0.5000002150311043,0.3846152538483115,0.37500018677949803,0.03508778727913742,0.0,1.0,0.02985086911543343,1.0,0.5000000000000001,0.1599996901135906,1.0003401156393056E-5,0.0,0
0.21428579067636794,0.07142869842263216,0.5000002150311043,0.2307689256460602,0.8749996887008363,0.1461403833226186,1.0,1.0,0.02985086911543343,1.0,0.5000000000000001,0.09049975209087247,0.0,1.0,1
0.4172934944191534,0.05500003555833702,0.5000002150311043,0.1538446282303009,0.5000002490393307,0.12280707934467039,0.0,0.0,0.0,0.0,0.5000000000000001,0.1079997176590492,0.0,1.0,1
0.1616541835850745,0.47625058671256065,0.0,0.3846152538483115,0.37500018677949803,0.0014035396723351904,0.0,0.0,0.0,1.0,0.5000000000000001,0.05999977619314875,0.004750000416808382,0.0,1
0.3157896425477607,0.5357147936905288,0.5000002150311043,0.8461553717696992,0.749999377401673,0.1885966071045903,1.0,1.0,0.1343285553704487,1.0,0.5000000000000001,0.0,0.0013400389465751685,1.0,1
0.2995490405079266,0.04464295873810574,0.5000002150311043,0.6153850294803469,0.37500018677949803,0.040877256328287134,0.0,0.0,0.0,0.0,0.5000000000000001,0.05999977619314875,0.0,0.0,1
0.40721820379091167,0.3571426031547357,0.5000002150311043,0.7692316410112567,0.8749996887008363,0.061403598383105384,1.0,0.0,0.0,0.0,0.5000000000000001,0.014499843335204123,0.008370017681011544,1.0,0
0.3571429844606132,0.040178609526789644,0.0,0.07692373075844251,0.37500018677949803,0.05263162220793593,0.0,0.0,0.0,1.0,0.5000000000000001,0.21549931308512585,0.0,1.0,1
0.13909783147305116,0.026785739684526428,0.5000002150311043,0.4615387012780956,0.37500018677949803,0.0175439523503389,0.0,0.0,0.0,1.0,0.0,0.1599996901135906,0.0,0.0,1
0.3195490048589548,0.12053582858036896,0.5000002150311043,0.5384618653792212,0.8749996887008363,0.290877226972902,0.0,0.0,0.0,1.0,0.5000000000000001,0.0,0.0,0.0,1
0.038796775906998954,0.09821443810715862,0.5000002150311043,0.3846152538483115,0.37500018677949803,0.023333421399488626,0.0,1.0,0.014925427299573824,0.0,0.5000000000000001,0.03999979340906038,2.1001932323656746E-4,0.0,1
0.1341353163667994,0.375,0.5000002150311043,0.7692316410112567,0.8749996887008363,0.04684215315878621,1.0,0.0,0.0,0.0,0.5000000000000001,0.04999982784088366,0.0,1.0,1
0.12030066342736344,0.4196434921131609,0.5000002150311043,0.5384618653792212,0.37500018677949803,0.008771976175169444,0.0,0.0,0.0,1.0,0.5000000000000001,0.0899997503692813,0.0,0.0,0
0.3395489692099832,0.07589304763394825,0.0,0.6153850294803469,0.37500018677949803,0.00298250712601973,1.0,1.0,0.014925427299573824,0.0,0.5000000000000001,0.024999827840883653,0.011870020181861833,1.0,1
0.2230076680938138,0.1339286984226322,0.5000002150311043,0.5384618653792212,0.37500018677949803,0.008771976175169444,0.0,1.0,0.014925427299573824,1.0,0.5000000000000001,0.01999981062497202,0.0015400027676076534,0.0,0
0.12661659174441114,0.4330365397471091,0.5000002150311043,0.5384618653792212,0.37500018677949803,0.11701761029552064,0.0,1.0,0.02985086911543343,1.0,0.5000000000000001,0.0899997503692813,0.0017300152885314348,0.0,1
0.3195490048589548,0.08928573968452644,0.5000002150311043,0.1538446282303009,0.37500018677949803,0.03508778727913742,0.0,0.0,0.0,1.0,0.5000000000000001,0.10499975897723712,0.0,0.0,1
0.08150424401008152,0.19339308319228526,0.5000002150311043,0.1538446282303009,0.8749996887008363,0.010175515847504648,0.0,0.0,0.0,0.0,0.5000000000000001,0.03999979340906038,0.00484003102721592,0.0,0
0.04135280717827694,0.0044643492113160795,0.5000002150311043,0.5384618653792212,0.37500018677949803,0.005789469049149713,0.0,0.0,0.0,0.0,0.5000000000000001,0.06599977963633108,0.0,0.0,1
0.09518792355434509,0.0044643492113160795,0.5000002150311043,0.7692316410112567,0.37500018677949803,0.03508778727913742,0.0,1.0,0.014925427299573824,0.0,0.5000000000000001,0.11999972454541387,0.007680017455935017,1.0,0
0.12902254084480935,0.39285739684526433,0.5000002150311043,0.6153850294803469,0.37500018677949803,0.07017548062104252,1.0,1.0,0.014925427299573824,0.0,0.5000000000000001,0.03999979340906038,0.00278000770261889,1.0,1
0.2869173621186897,0.08928573968452644,0.5000002150311043,0.9230791025281416,0.8749996887008363,0.09649126824070241,1.0,1.0,0.08955256379744293,0.0,0.5000000000000001,0.07999975897723713,0.020720013554608566,1.0,1
0.3070677651303148,0.09821443810715862,0.5000002150311043,0.1538446282303009,0.5000002490393307,0.08771935077630315,0.0,0.0,0.0,1.0,0.5000000000000001,0.11599969355677292,0.0020000029176586707,0.0,1
0.458647192821723,0.017857219053579294,0.5000002150311043,0.4615387012780956,0.37500018677949803,0.3771926271014786,1.0,0.0,0.0,0.0,0.0,0.1999998278408837,0.0,0.0,1
0.7769925101510448,0.39285739684526433,0.5000002150311043,0.692308476910131,1.0,0.7017539842596424,1.0,1.0,0.10447799109701676,1.0,0.5000000000000001,0.01099984849997761,0.0,1.0,1
0.4147371066581584,0.0,0.5000002150311043,0.5384618653792212,0.5000002490393307,0.5263156349716575,1.0,0.0,0.0,0.0,0.5000000000000001,0.0,0.0,1.0,1
0.26315799980749555,0.040178609526789644,0.5000002150311043,0.0,0.0,0.0,0.0,1.0,0.014925427299573824,0.0,0.5000000000000001,0.0479997693067841,1.9001252092378133E-4,0.0,1
0.27939861967181556,0.2678573968452644,0.5000002150311043,0.692308476910131,0.5000002490393307,0.05561412933395566,1.0,0.0,0.0,1.0,0.0,0.20999969011359063,0.0,0.0,1
0.27323320131330814,0.11160730794942184,0.5000002150311043,0.0,0.0,0.10666666666666666,0.0,1.0,0.02985086911543343,1.0,0.5000000000000001,0.0999997417613255,4.001360462557222E-5,0.0,0
0.16661652044646774,0.09821443810715862,0.5000002150311043,0.5384618653792212,0.37500018677949803,0.07894741452445743,1.0,1.0,0.08955256379744293,0.0,0.5000000000000001,0.09199975017990629,0.00600001917318555,1.0,1
0.12285705118835848,0.019285775242863436,0.0,1.0,0.37500018677949803,0.0014035396723351904,1.0,1.0,0.014925427299573824,1.0,0.5000000000000001,0.41999938022718125,5.899922640364391E-4,1.0,1
0.3082709179253725,0.10714295873810575,0.5000002150311043,0.9230791025281416,0.8749996887008363,0.26017501680595795,1.0,0.0,0.0,1.0,0.5000000000000001,0.0,0.0,1.0,1
0.5726312149526046,0.10714295873810575,0.0,0.0,0.0,0.05263162220793593,0.0,0.0,0.0,0.0,0.5000000000000001,0.0899997503692813,4.001360462557222E-5,0.0,1
0.2679700427431171,0.05357147936905288,0.5000002150311043,0.0,0.0,0.0,0.0,1.0,0.02985086911543343,1.0,0.5000000000000001,0.0999997417613255,0.0010499924140874566,0.0,0
0.3822559025784901,0.061071443810715866,0.5000002150311043,1.0,0.37500018677949803,0.004386046798354921,1.0,1.0,0.07462713649786912,1.0,0.5000000000000001,0.23999927693171136,0.0,1.0,1
0.06646572529615385,0.0878571834952423,0.5000002150311043,0.5384618653792212,0.749999377401673,0.03368424760680223,0.0,1.0,0.02985086911543343,1.0,0.5000000000000001,0.07999975897723713,0.00587001663899059,0.0,1
0.37969951481749503,0.1785716038232324,0.5000002150311043,0.9230791025281416,0.37500018677949803,0.12280707934467039,1.0,1.0,0.1492542004143093,1.0,0.5000000000000001,0.0,0.0,1.0,1
0.09398494900414599,0.39446463367801216,0.5000002150311043,0.5384618653792212,0.37500018677949803,0.07017548062104252,0.0,0.0,0.0,1.0,0.5000000000000001,0.06799975209087247,0.0,0.0,1
0.2857144232174623,0.08339301207561126,0.5000002150311043,0.07692373075844251,0.8749996887008363,0.20175427781349348,0.0,0.0,0.0,1.0,0.5000000000000001,0.14599971077268456,0.0,0.0,1
0.0726312149526047,0.20392884065598021,0.5000002150311043,0.07692373075844251,0.37500018677949803,0.018947374601133705,0.0,0.0,0.0,0.0,0.5000000000000001,0.05999977619314875,0.0,0.0,1
0.38466185167888833,0.20982156826489537,0.5000002150311043,0.9230791025281416,0.8749996887008363,0.3508772856836722,1.0,1.0,0.20895605477546245,1.0,0.5000000000000001,0.19949970560791105,0.0,1.0,1
0.11398491335517429,0.375,0.5000002150311043,0.5384618653792212,0.37500018677949803,0.10526324441587186,1.0,0.0,0.0,1.0,0.5000000000000001,0.0,0.0,1.0,1
0.1341353163667994,0.026785739684526428,0.5000002150311043,0.5384618653792212,0.37500018677949803,0.07017548062104252,0.0,1.0,0.02985086911543343,1.0,0.5000000000000001,0.0999997417613255,0.003940037529426671,0.0,0
0.1792481988357046,0.11607147936905289,0.5000002150311043,0.5384618653792212,0.8749996887008363,0.08035092601562294,0.0,1.0,0.014925427299573824,1.0,0.5000000000000001,0.20800006197728188,2.1001932323656746E-4,0.0,1
0.11022555104398016,0.3601792851351928,0.0,0.692308476910131,0.8749996887008363,0.04385964603276647,0.0,0.0,0.0,0.0,0.5000000000000001,0.12999967289767897,0.0,0.0,1
0.1040600613875293,0.18892873398096918,0.5000002150311043,0.7692316410112567,0.37500018677949803,0.013157905551983979,1.0,1.0,0.014925427299573824,0.0,0.5000000000000001,0.07999975897723713,0.0,0.0,1
0.12150381622242107,0.008928698422632178,0.5000002150311043,0.07692373075844251,0.8749996887008363,0.023333421399488626,1.0,0.0,0.0,1.0,0.5000000000000001,0.0,0.0,1.0,1
0.19669177542573785,0.019285775242863436,0.5000002150311043,0.2307689256460602,0.0,0.0,0.0,0.0,0.0,0.0,0.5000000000000001,0.04999982784088366,0.0,0.0,1
0.3733835865004474,0.1785716038232324,0.5000002150311043,0.9230791025281416,0.37500018677949803,0.47368377792064065,1.0,0.0,0.0,1.0,0.5000000000000001,0.48999927693171147,0.0,0.0,0
0.5463169264882555,0.44785725461191633,0.5000002150311043,0.3846152538483115,0.37500018677949803,0.08035092601562294,1.0,1.0,0.044776281898721466,1.0,0.5000000000000001,0.07799978652269574,0.0,1.0,0
0.1616541835850745,0.45535828580368953,0.5000002150311043,0.5384618653792212,0.5000002490393307,0.16666672537743688,1.0,1.0,0.02985086911543343,0.0,0.5000000000000001,0.03649979857383388,0.0044399991830555725,1.0,0
0.10902257649378105,0.17107160560114926,0.0,0.6153850294803469,0.37500018677949803,0.07894741452445743,1.0,1.0,0.014925427299573824,1.0,0.5000000000000001,0.03999979340906038,0.0030000304270118502,1.0,1
0.12526317853361518,0.39285739684526433,0.5000002150311043,0.9230791025281416,0.37500018677949803,0.023333421399488626,1.0,0.0,0.0,0.0,0.5000000000000001,0.04999982784088366,0.0,1.0,1
0.6139858045794668,0.33625030224586455,0.5000002150311043,0.0,0.0,0.5057891754952987,1.0,1.0,0.16417984545816988,1.0,0.5000000000000001,0.014999793409060387,0.0030000304270118502,1.0,1
0.367218275088855,0.3616069523660517,0.5000002150311043,1.0,0.37500018677949803,0.08771935077630315,1.0,1.0,0.08955256379744293,0.0,0.5000000000000001,0.25999986227270694,0.0019600414140807884,1.0,1
0.12150381622242107,0.05500003555833702,0.5000002150311043,0.2307689256460602,0.37500018677949803,0.00298250712601973,0.0,0.0,0.0,1.0,0.5000000000000001,0.1779997004431376,0.0,0.0,1
0.12661659174441114,0.0803572190535793,0.5000002150311043,0.1538446282303009,0.37500018677949803,0.004386046798354921,0.0,0.0,0.0,0.0,0.5000000000000001,0.07999975897723713,1.0003401156393199E-4,0.0,1
0.7093236320598333,0.1785716038232324,0.5000002150311043,0.3846152538483115,0.37500018677949803,0.14035091427346888,1.0,1.0,0.059701709198295295,0.0,0.5000000000000001,0.0,9.900241081967865E-4,1.0,0
0.09654133676514101,0.20089304763394825,0.5000002150311043,0.6153850294803469,0.37500018677949803,0.060000058710770195,1.0,0.0,0.0,0.0,0.0,0.05999977619314875,0.0,1.0,1
0.1428571937842453,0.14285721905357932,0.5000002150311043,0.5384618653792212,0.5000002490393307,0.008771976175169444,1.0,0.0,0.0,1.0,0.5000000000000001,0.07999975897723713,0.0,1.0,1
0.33714302010958497,0.015000106675011029,0.0,0.6153850294803469,0.37500018677949803,0.010175515847504648,0.0,0.0,0.0,1.0,0.5000000000000001,0.1544997228238227,2.000680231278611E-5,0.0,1
0.3345866323485899,0.0357144381071586,0.5000002150311043,0.5384618653792212,0.37500018677949803,0.07017548062104252,1.0,1.0,0.16417984545816988,0.0,0.5000000000000001,0.0,0.00456003999693229,1.0,0
0.07639039901894032,0.15767873398096918,0.0,0.5384618653792212,0.8749996887008363,0.10526324441587186,1.0,0.0,0.0,0.0,0.5000000000000001,0.11999972454541387,0.0,1.0,0
0.203007525497927,0.022321568264895394,0.5000002150311043,0.3846152538483115,0.37500018677949803,0.01596498489665436,1.0,0.0,0.0,1.0,0.5000000000000001,0.0999997417613255,0.0,0.0,1
0.08526342807641714,0.05357147936905288,0.0,0.9230791025281416,0.37500018677949803,0.07017548062104252,1.0,0.0,0.0,1.0,0.5000000000000001,0.04999982784088366,2.000159220801744E-4,0.0,1
0.3935339895120725,0.22178588191787446,0.5000002150311043,0.7692316410112567,0.37500018677949803,0.0014035396723351904,1.0,1.0,0.014925427299573824,0.0,0.5000000000000001,0.0999997417613255,0.0030000304270118502,1.0,1
0.1341353163667994,0.005892905400600222,0.5000002150311043,0.5384618653792212,0.2500003735589961,0.07894741452445743,0.0,0.0,0.0,1.0,0.0,0.0,0.0,1.0,1
0.14541358154524034,0.02821429587381057,0.0,0.7692316410112567,0.37500018677949803,0.05263162220793593,1.0,1.0,0.02985086911543343,1.0,0.5000000000000001,0.03999979340906038,0.004000005835317341,1.0,0
0.24436104565563807,0.18892873398096918,0.5000002150311043,0.692308476910131,0.12500031129916347,0.07894741452445743,1.0,1.0,0.07462713649786912,1.0,0.5000000000000001,0.04949979168746922,0.005000017714356215,1.0,0
0.39969947916852333,0.2692859530345485,0.0,0.7692316410112567,0.8749996887008363,0.2807014762823166,1.0,1.0,0.20895605477546245,0.0,0.5000000000000001,0.0,0.02300000750255087,1.0,0
0.3458648975270308,0.18303589969704298,0.5000002150311043,0.692308476910131,0.37500018677949803,0.1754387015526063,1.0,0.0,0.0,1.0,0.5000000000000001,0.0,0.04000005835317341,1.0,0
0.2593986018473297,0.07446431365297908,0.5000002150311043,0.5384618653792212,0.37500018677949803,0.00298250712601973,0.0,0.0,0.0,0.0,0.5000000000000001,0.14999965568176735,0.0,0.0,1
0.1717292959684578,0.10267860952678966,0.5000002150311043,1.0,0.8749996887008363,0.030701740480782495,1.0,0.0,0.0,0.0,0.5000000000000001,0.1799992424998881,0.0,1.0,0
0.2679700427431171,0.14285721905357932,0.5000002150311043,1.0,0.37500018677949803,0.1754387015526063,1.0,1.0,0.044776281898721466,1.0,0.5000000000000001,0.14499972454541388,0.02279004028036199,1.0,1
0.12526317853361518,0.08339301207561126,0.5000002150311043,0.2307689256460602,0.37500018677949803,0.026315811103967964,0.0,0.0,0.0,0.0,0.5000000000000001,0.0899997503692813,0.0,0.0,1
0.2606016120465005,0.1101787517601377,0.5000002150311043,0.5384618653792212,0.37500018677949803,0.08771935077630315,0.0,1.0,0.02985086911543343,1.0,0.5000000000000001,0.07999975897723713,4.100352453167404E-4,0.0,1
0.2679700427431171,0.017857219053579294,0.5000002150311043,0.5384618653792212,0.5000002490393307,0.029298318229987696,1.0,0.0,0.0,1.0,0.0,0.1599996901135906,0.0,0.0,1
0.03383443904560575,0.11160730794942184,0.5000002150311043,0.6153850294803469,0.37500018677949803,0.00298250712601973,0.0,1.0,0.014925427299573824,0.0,0.5000000000000001,0.0,6.002040693835978E-5,0.0,1
0.203007525497927,0.05946438476965309,0.5000002150311043,0.9230791025281416,0.8749996887008363,0.17842109125708566,1.0,1.0,0.1343285553704487,0.0,0.5000000000000001,0.19949970560791105,0.008270020140180995,1.0,1
0.1717292959684578,0.10714295873810575,0.5000002150311043,0.5384618653792212,0.37500018677949803,0.04385964603276647,0.0,1.0,0.014925427299573824,0.0,0.5000000000000001,0.0,2.2002272439296052E-4,0.0,1
0.812030101991708,0.19642869842263216,0.5000002150311043,0.692308476910131,1.0,0.45614099978570566,1.0,1.0,0.014925427299573824,1.0,0.5000000000000001,0.0,0.0,1.0,1
0.203007525497927,0.0103572546119163,0.5000002150311043,0.4615387012780956,0.8749996887008363,0.004386046798354921,0.0,1.0,0.014925427299573824,1.0,0.5000000000000001,0.1359996763408613,0.0010800026175566359,0.0,0
0.08766973366653241,0.023750124454179535,0.0,0.5384618653792212,0.37500018677949803,0.03508778727913742,0.0,1.0,0.014925427299573824,0.0,0.5000000000000001,1.0,2.000680231278611E-5,0.0,0
0.5488729577595334,0.029821532706558386,0.5000002150311043,0.3846152538483115,0.37500018677949803,0.0175439523503389,0.0,0.0,0.0,1.0,0.5000000000000001,0.11999972454541387,0.0011700332279641747,0.0,0
0.2606016120465005,0.05357147936905288,0.0,0.6153850294803469,0.37500018677949803,0.0014035396723351904,0.0,0.0,0.0,0.0,0.0,0.07999975897723713,0.0,0.0,1
0.568872030886269,0.5357147936905288,0.5000002150311043,0.5384618653792212,0.37500018677949803,0.2982454286326555,1.0,1.0,0.1343285553704487,0.0,0.5000000000000001,0.0,0.0,1.0,1
0.3433085097660358,0.0103572546119163,0.5000002150311043,0.0,0.0,0.0,0.0,1.0,0.1492542004143093,0.0,0.5000000000000001,0.0999997417613255,1.800091197673883E-4,0.0,0
0.2981956272971306,0.09821443810715862,0.5000002150311043,0.4615387012780956,0.37500018677949803,0.14912289044863836,1.0,1.0,0.08955256379744293,0.0,0.5000000000000001,0.10199971421586689,0.0,1.0,1
0.106466188732786,0.10714295873810575,0.5000002150311043,0.3846152538483115,0.37500018677949803,0.0014035396723351904,1.0,0.0,0.0,0.0,0.5000000000000001,0.04999982784088366,0.0,1.0,0
0.33714302010958497,0.6473217460565804,0.5000002150311043,0.6153850294803469,0.37500018677949803,0.00298250712601973,0.0,0.0,0.0,0.0,0.5000000000000001,0.1599996901135906,0.03552004556549227,0.0,1
0.5563913258922046,0.020892834283926208,0.5000002150311043,0.0,0.0,0.0,0.0,0.0,0.0,0.0,0.5000000000000001,0.07249973315336967,0.0,0.0,1
0.14781953064563855,0.02964285206309471,0.5000002150311043,0.7692316410112567,0.37500018677949803,0.01456144522431917,0.0,1.0,0.014925427299573824,1.0,0.5000000000000001,0.0999997417613255,1.1003741272032506E-4,0.0,0
0.6717300089478919,0.75,0.5000002150311043,0.1538446282303009,0.5000002490393307,0.3508772856836722,1.0,1.0,0.19403040973160185,0.0,0.5000000000000001,0.0,0.06699996748894624,1.0,0
0.21804515298756205,0.03125008889584253,0.5000002150311043,0.4615387012780956,0.37500018677949803,0.03368424760680223,1.0,1.0,0.044776281898721466,1.0,0.5000000000000001,0.19799933890899327,0.0,1.0,1
0.2679700427431171,0.022321568264895394,0.5000002150311043,0.2307689256460602,0.37500018677949803,0.008771976175169444,0.0,0.0,0.0,0.0,0.5000000000000001,0.18999996556817675,0.020100011087102947,0.0,1
0.2706768135523131,0.10714295873810575,0.0,0.30769208974718587,0.2500003735589961,0.0,0.0,0.0,0.0,0.0,0.5000000000000001,0.07999975897723713,2.000159220801744E-4,0.0,0
0.08526342807641714,0.2321431365297908,0.5000002150311043,0.6153850294803469,0.8749996887008363,0.05122808253560074,1.0,1.0,0.10447799109701676,0.0,0.5000000000000001,0.03999979340906038,0.029540043614829037,1.0,1
0.38090248936769416,0.2142859174762115,0.5000002150311043,0.4615387012780956,0.37500018677949803,0.04526318570510167,1.0,1.0,0.07462713649786912,1.0,0.5000000000000001,0.05399977274996644,0.010970021473967816,1.0,1
0.41233115755776023,0.2321431365297908,0.5000002150311043,0.7692316410112567,0.37500018677949803,0.0175439523503389,1.0,1.0,0.044776281898721466,1.0,0.5000000000000001,0.07249973315336967,0.0,1.0,0
0.22812044361580391,0.5357147936905288,0.5000002150311043,0.5384618653792212,0.8749996887008363,0.18719306743225508,1.0,1.0,0.16417984545816988,0.0,0.5000000000000001,0.0,0.022830001783939874,1.0,1
0.1717292959684578,0.2142859174762115,0.5000002150311043,0.5384618653792212,0.37500018677949803,0.03508778727913742,1.0,1.0,0.044776281898721466,0.0,0.5000000000000001,0.0,0.0,1.0,1
0.21684217843736298,0.013392869842263214,0.5000002150311043,0.7692316410112567,0.37500018677949803,0.02052634205481824,1.0,1.0,0.059701709198295295,0.0,0.5000000000000001,0.03999979340906038,0.0,1.0,0
0.8972935300681251,0.6339286984226321,0.5000002150311043,0.0,0.0,0.0,1.0,0.0,0.0,1.0,0.5000000000000001,0.0,0.0,1.0,1
0.13157892860580436,0.4107147936905287,0.0,0.4615387012780956,0.37500018677949803,0.05263162220793593,0.0,0.0,0.0,1.0,0.5000000000000001,0.0,0.04000005835317341,0.0,1
0.20180455094772792,0.04464295873810574,0.5000002150311043,0.0,0.0,0.0,0.0,1.0,0.014925427299573824,0.0,0.5000000000000001,0.045999796852242716,0.0030000304270118502,0.0,0
0.08150424401008152,0.30660745018276986,0.5000002150311043,0.9230791025281416,0.8749996887008363,0.026315811103967964,1.0,1.0,0.10447799109701676,0.0,0.5000000000000001,0.0479997693067841,0.0,1.0,0
0.17789478562490865,0.0,0.5000002150311043,0.5384618653792212,0.37500018677949803,0.0,0.0,0.0,0.0,0.0,1.0,0.09199975017990629,0.0,1.0,0
0.2679700427431171,0.001428556189284142,0.0,0.07692373075844251,0.37500018677949803,0.14912289044863836,0.0,0.0,0.0,1.0,0.5000000000000001,0.22999941465900448,0.0,0.0,1
0.13157892860580436,0.3035716571607379,0.5000002150311043,0.7692316410112567,0.37500018677949803,0.061403598383105384,1.0,1.0,0.1492542004143093,0.0,0.5000000000000001,0.03999979340906038,0.009900020694536143,0.0,0
0.13789467867799354,0.04464295873810574,0.5000002150311043,0.7692316410112567,0.37500018677949803,0.008771976175169444,0.0,0.0,0.0,1.0,0.5000000000000001,0.05999977619314875,0.008090021440623147,0.0,0
0.1428571937842453,0.4508939365923735,0.5000002150311043,0.5384618653792212,0.37500018677949803,0.004386046798354921,0.0,1.0,0.02985086911543343,0.0,0.5000000000000001,0.0,0.05552002264103128,0.0,1
0.23684214278839125,0.038750053337505516,0.0,1.0,0.37500018677949803,0.03508778727913742,0.0,0.0,0.0,0.0,0.5000000000000001,0.13999970732950223,1.2999211398542158E-4,0.0,0
0.19924816318673286,0.05357147936905288,0.0,0.6153850294803469,0.37500018677949803,0.013157905551983979,1.0,0.0,0.0,1.0,0.5000000000000001,0.12999967289767897,0.010650021007142428,1.0,1
0.0839105496001968,0.3898224927816576,0.5000002150311043,0.5384618653792212,0.5000002490393307,0.02052634205481824,0.0,1.0,0.02985086911543343,1.0,0.5000000000000001,0.0999997417613255,7.002380809475283E-5,0.0,1
0.33082727003739576,0.08625012445417952,0.5000002150311043,0.6153850294803469,0.37500018677949803,0.004386046798354921,0.0,1.0,0.02985086911543343,0.0,0.5000000000000001,0.10999977619314877,1.0003401156393056E-5,0.0,1
0.07639039901894032,0.0,0.5000002150311043,0.7692316410112567,0.37500018677949803,0.023333421399488626,0.0,0.0,0.0,0.0,0.5000000000000001,0.07999975897723713,1.0003401156393056E-5,0.0,1
0.6040611308566803,0.34375026668752756,0.5000002150311043,0.692308476910131,0.37500018677949803,0.3040354847895072,1.0,1.0,0.07462713649786912,0.0,0.5000000000000001,0.0,0.0,1.0,1
0.1729324487635154,0.0357144381071586,0.5000002150311043,0.3846152538483115,0.37500018677949803,0.0175439523503389,0.0,0.0,0.0,0.0,0.5000000000000001,0.0999997417613255,0.0,0.0,1
0.11022555104398016,0.1785716038232324,0.0,0.0,0.0,0.0,0.0,0.0,0.0,0.0,0.5000000000000001,0.0,0.0,0.0,0
0.27819560947264477,0.005892905400600222,0.0,0.5384618653792212,0.8749996887008363,0.11403510316950093,1.0,1.0,0.014925427299573824,1.0,0.5000000000000001,0.2159994353180984,0.08000022090844221,1.0,1
0.10150367362653424,0.4226783961767676,0.5000002150311043,0.5384618653792212,0.8749996887008363,0.2105268410963649,1.0,0.0,0.0,0.0,0.5000000000000001,0.1699996384658557,0.0,1.0,0
0.24812040796683218,0.19642869842263216,0.5000002150311043,0.2307689256460602,0.37500018677949803,0.19298253648140481,0.0,0.0,0.0,1.0,0.0,0.04999982784088366,0.0,0.0,0
0.16285715813527357,0.023928627305958163,0.5000002150311043,0.3846152538483115,0.8749996887008363,0.061403598383105384,1.0,0.0,0.0,0.0,0.5000000000000001,0.1999998278408837,0.0,0.0,0
0.1416542192340462,0.39732174605658044,0.5000002150311043,1.0,0.8749996887008363,0.01614041267800371,1.0,1.0,0.014925427299573824,0.0,0.5000000000000001,0.04999982784088366,0.0,1.0,1
0.2679700427431171,0.4017860952678965,0.5000002150311043,0.0,0.0,0.0,0.0,0.0,0.0,0.0,0.5000000000000001,0.09199975017990629,0.052000023758077746,0.0,0
0.27939861967181556,0.019285775242863436,0.5000002150311043,0.9230791025281416,0.37500018677949803,0.0014035396723351904,1.0,0.0,0.0,0.0,0.5000000000000001,0.21999955238629754,0.11176987675809776,1.0,0
0.3458648975270308,0.0044643492113160795,0.0,0.5384618653792212,0.37500018677949803,0.05263162220793593,0.0,0.0,0.0,1.0,0.5000000000000001,0.11599969355677292,0.0011300196233386024,1.0,1
0.15533843351288532,0.017857219053579294,0.5000002150311043,0.7692316410112567,0.8749996887008363,0.04385964603276647,1.0,1.0,0.014925427299573824,0.0,0.5000000000000001,0.0,0.006780018748041,1.0,0
0.2657144053929764,0.553572190535793,0.5000002150311043,0.5384618653792212,0.37500018677949803,0.0175439523503389,1.0,0.0,0.0,0.0,0.5000000000000001,0.05999977619314875,0.0,0.0,1
0.13654144371205612,0.10714295873810575,0.5000002150311043,0.4615387012780956,0.37500018677949803,0.04526318570510167,1.0,1.0,0.014925427299573824,0.0,0.5000000000000001,0.12999967289767897,0.00800002209084422,1.0,1
0.16661652044646774,0.16071445588632713,0.5000002150311043,0.6153850294803469,0.37500018677949803,0.03508778727913742,0.0,0.0,0.0,1.0,0.5000000000000001,0.1799992424998881,6.002040693835978E-5,0.0,0
0.3395489692099832,0.13535725461191633,0.5000002150311043,0.6153850294803469,0.37500018677949803,0.040877256328287134,1.0,0.0,0.0,1.0,0.5000000000000001,0.0999997417613255,0.0,0.0,1
0.5037591840663356,0.026785739684526428,0.5000002150311043,0.7692316410112567,0.8749996887008363,0.09649126824070241,1.0,1.0,0.014925427299573824,0.0,0.5000000000000001,0.1664996436306292,0.008920022390946256,1.0,0
0.27563922171164973,0.14285721905357932,0.0,0.9230791025281416,0.37500018677949803,0.05263162220793593,0.0,0.0,0.0,1.0,0.5000000000000001,0.05999977619314875,0.0,0.0,1
0.25308281612616884,0.38089379435902543,0.5000002150311043,0.7692316410112567,0.8749996887008363,0.00298250712601973,0.0,1.0,0.17910476468774125,1.0,0.5000000000000001,0.06449975725564597,3.0010203469179167E-5,0.0,0
0.21172940291537293,0.05500003555833702,0.5000002150311043,0.6153850294803469,0.37500018677949803,0.1315790555198398,1.0,1.0,0.07462713649786912,1.0,0.5000000000000001,0.04999982784088366,3.0010203469179167E-5,1.0,1
0.6177449886458025,0.553572190535793,0.5000002150311043,0.692308476910131,1.0,0.0,1.0,1.0,0.2985084734100475,0.0,0.5000000000000001,0.07599972798859618,0.0013000253419495963,0.0,1
0.03503759184066338,0.026785739684526428,0.5000002150311043,0.5384618653792212,0.37500018677949803,0.061403598383105384,1.0,1.0,0.07462713649786912,1.0,0.5000000000000001,0.17599964190903802,0.006900017881079567,1.0,1
0.16285715813527357,0.44642958738105737,0.5000002150311043,0.6153850294803469,0.37500018677949803,0.030701740480782495,1.0,0.0,0.0,1.0,0.5000000000000001,0.12999967289767897,0.0,0.0,1
0.28451141301829147,0.19642869842263216,0.5000002150311043,0.7692316410112567,0.8749996887008363,0.19298253648140481,1.0,1.0,0.17910476468774125,1.0,0.5000000000000001,0.2039999449090828,0.010000020840419076,1.0,1
0.12781956629461025,0.01642866286429517,0.5000002150311043,0.2307689256460602,0.37500018677949803,0.004386046798354921,0.0,0.0,0.0,1.0,0.5000000000000001,0.13999970732950223,5.500307604585564E-4,0.0,1
0.4210528567303476,0.03428570412618942,0.5000002150311043,1.0,0.37500018677949803,0.08771935077630315,1.0,0.0,0.0,0.0,0.5000000000000001,0.25499950073856265,0.00600001917318555,1.0,1
0.34466192297683174,0.07142869842263216,0.5000002150311043,0.1538446282303009,0.37500018677949803,0.008771976175169444,0.0,0.0,0.0,1.0,0.5000000000000001,0.11049972626700504,0.0,0.0,1
0.1816541479361028,0.45839318986729627,0.5000002150311043,0.9230791025281416,0.37500018677949803,0.0175439523503389,0.0,0.0,0.0,0.0,0.5000000000000001,0.0,2.000680231278611E-5,0.0,1
0.09518792355434509,0.008928698422632178,0.5000002150311043,0.7692316410112567,0.37500018677949803,0.004386046798354921,0.0,0.0,0.0,0.0,0.5000000000000001,0.0999997417613255,0.0,0.0,1
0.7368428557678254,0.25000017779168504,0.5000002150311043,0.692308476910131,1.0,0.0,0.0,0.0,0.0,0.0,0.5000000000000001,0.0,1.200408138767181E-4,0.0,1
0.038796775906998954,0.007499964441662992,0.5000002150311043,0.3846152538483115,0.37500018677949803,0.004386046798354921,0.0,0.0,0.0,0.0,0.5000000000000001,0.0999997417613255,1.0003401156393056E-5,0.0,0
0.23684214278839125,0.020714331432147577,0.5000002150311043,0.6153850294803469,0.37500018677949803,0.010175515847504648,0.0,1.0,0.014925427299573824,0.0,0.5000000000000001,0.1699996384658557,0.028030051050690574,0.0,1
0.30451137736931977,0.16071445588632713,0.5000002150311043,0.3846152538483115,0.37500018677949803,0.03508778727913742,1.0,0.0,0.0,1.0,0.5000000000000001,0.11999972454541387,0.0,0.0,1
0.42481221904154176,0.007321461589884363,0.5000002150311043,0.1538446282303009,0.8749996887008363,0.17982463092942083,1.0,0.0,0.0,0.0,0.5000000000000001,0.1999998278408837,0.0,1.0,1
0.13157892860580436,0.39285739684526433,0.0,0.7692316410112567,0.37500018677949803,0.10526324441587186,1.0,0.0,0.0,1.0,0.5000000000000001,0.1339997038863199,0.0,0.0,0
0.1604512090348754,0.07142869842263216,0.5000002150311043,0.692308476910131,0.12500031129916347,0.005789469049149713,0.0,1.0,0.02985086911543343,0.0,0.5000000000000001,0.1599996901135906,0.013000024174886129,0.0,1
0.4598503456167807,0.017857219053579294,0.5000002150311043,0.1538446282303009,0.8749996887008363,0.1754387015526063,1.0,0.0,0.0,1.0,0.5000000000000001,0.1599996901135906,0.0,1.0,1
0.13909783147305116,0.4196434921131609,0.5000002150311043,1.0,0.8749996887008363,0.0175439523503389,1.0,1.0,0.02985086911543343,1.0,0.5000000000000001,0.14999965568176735,0.0055100192398748905,1.0,0
0.31082730568636746,0.04767857396845263,0.5000002150311043,0.1538446282303009,0.5000002490393307,0.004386046798354921,0.0,0.0,0.0,1.0,0.5000000000000001,0.21999955238629754,0.04500003959679624,0.0,1
0.14030080602325026,0.4107147936905287,0.5000002150311043,0.1538446282303009,0.37500018677949803,0.12280707934467039,1.0,1.0,0.1343285553704487,0.0,0.5000000000000001,0.027999786522695736,0.007420017597649867,1.0,1
0.18300756114689873,0.03125008889584253,0.5000002150311043,0.2307689256460602,0.37500018677949803,0.013157905551983979,0.0,1.0,0.02985086911543343,1.0,0.5000000000000001,0.08699975725564596,3.0010203469179167E-5,0.0,1
0.05759447868726228,0.3214288762143172,0.5000002150311043,0.3846152538483115,0.37500018677949803,0.0482456928311214,1.0,0.0,0.0,1.0,0.5000000000000001,0.0,0.0,1.0,0
0.7732333260847091,0.5,0.5000002150311043,0.0,0.0,0.0,1.0,1.0,0.16417984545816988,1.0,0.5000000000000001,0.0,0.014000020423610694,1.0,0
0.24556402020583715,0.03714299429644275,0.0,0.1538446282303009,0.5000002490393307,0.0175439523503389,1.0,1.0,0.1492542004143093,1.0,0.5000000000000001,0.06599977963633108,2.799910302836292E-4,0.0,1
0.5237600396416565,0.2321431365297908,0.5000002150311043,0.7692316410112567,0.8749996887008363,0.2105268410963649,1.0,0.0,0.0,1.0,0.5000000000000001,0.1749996556817673,0.0,1.0,1
0.09654133676514101,0.33035739684526433,0.5000002150311043,0.5384618653792212,0.37500018677949803,0.058421091257085646,1.0,1.0,0.044776281898721466,1.0,0.5000000000000001,0.01999981062497202,2.799910302836292E-4,1.0,1
0.5175945499852056,0.27232174605658044,0.5000002150311043,0.6153850294803469,0.8749996887008363,0.5438595873219962,1.0,1.0,0.17910476468774125,0.0,0.5000000000000001,0.0,0.007900019339908903,1.0,1
0.1428571937842453,0.05357147936905288,0.5000002150311043,0.7692316410112567,0.37500018677949803,0.08333337443087246,1.0,1.0,0.044776281898721466,1.0,0.5000000000000001,0.0,0.0058200204736277,1.0,1
0.2981956272971306,0.01196431365297907,0.0,0.9230791025281416,0.37500018677949803,0.00298250712601973,0.0,0.0,0.0,0.0,0.5000000000000001,0.0899997503692813,0.0,0.0,1
0.04766980496447582,0.01196431365297907,0.0,0.2307689256460602,0.37500018677949803,0.010175515847504648,0.0,0.0,0.0,0.0,0.0,0.0999997417613255,0.0,0.0,1
0.7042115695172771,0.5892869842263218,0.5000002150311043,0.7692316410112567,0.37500018677949803,0.38596519038435,1.0,0.0,0.0,1.0,0.5000000000000001,0.010499812346563182,0.10560996988976253,1.0,0
0.2679700427431171,0.1785716038232324,0.0,0.3846152538483115,0.37500018677949803,0.2982454286326555,1.0,0.0,0.0,0.0,0.5000000000000001,0.0,0.0,0.0,1
0.16917290820746275,0.4403580013369935,0.5000002150311043,0.9230791025281416,0.8749996887008363,0.12280707934467039,1.0,1.0,0.08955256379744293,0.0,0.5000000000000001,0.1999998278408837,0.004579994698197387,1.0,0
0.10030069907633514,0.0,0.5000002150311043,0.5384618653792212,0.37500018677949803,0.0,0.0,0.0,0.0,0.0,1.0,0.09199975017990629,0.0,0.0,1
0.1729324487635154,0.48214260315473567,0.0,0.0,0.0,0.07017548062104252,0.0,1.0,0.014925427299573824,1.0,0.5000000000000001,0.0999997417613255,1.0003401156393056E-5,0.0,0
0.4372934587701818,0.1651787517601377,0.5000002150311043,0.7692316410112567,0.37500018677949803,0.1607018285469378,1.0,0.0,0.0,0.0,0.0,0.0,0.0,1.0,1
0.19428582632533967,0.06250017779168503,0.0,0.5384618653792212,0.37500018677949803,0.03508778727913742,1.0,1.0,0.07462713649786912,1.0,0.5000000000000001,0.07999975897723713,0.057770058486552096,1.0,1
0.662856979890415,0.25142873398096915,0.5000002150311043,0.4615387012780956,0.37500018677949803,0.4912277302709796,1.0,1.0,0.08955256379744293,1.0,0.5000000000000001,0.1799992424998881,0.013320023599690561,1.0,1
0.6341363858359506,0.4107147936905287,0.5000002150311043,0.0,0.0,0.1754387015526063,1.0,1.0,0.07462713649786912,0.0,0.5000000000000001,0.0,0.08850988502757605,1.0,1
0.39218075454613516,0.017857219053579294,0.5000002150311043,0.4615387012780956,0.37500018677949803,0.008771976175169444,1.0,0.0,0.0,0.0,0.0,0.14399973831814317,0.0,0.0,1
0.20797004060417876,0.0728572546119163,0.0,0.3846152538483115,0.37500018677949803,0.07017548062104252,1.0,1.0,0.044776281898721466,1.0,0.5000000000000001,0.18499960403403243,0.005600018589653816,1.0,1
0.2469174334166331,0.2321431365297908,0.5000002150311043,0.9230791025281416,0.37500018677949803,0.10964917379268639,1.0,1.0,0.11940363614087736,0.0,0.5000000000000001,0.16499970732950223,0.012000022716056793,1.0,1
0.5726312149526046,0.0728572546119163,0.0,0.0,0.0,0.05263162220793593,0.0,0.0,0.0,0.0,0.5000000000000001,0.05999977619314875,1.0003401156393056E-5,0.0,1
0.16917290820746275,0.39285739684526433,0.0,0.3846152538483115,0.37500018677949803,0.1578947492022674,1.0,0.0,0.0,0.0,0.5000000000000001,0.05999977619314875,0.0,0.0,0
0.2393985305493863,0.026785739684526428,0.0,0.5384618653792212,0.37500018677949803,0.0014035396723351904,0.0,0.0,0.0,0.0,0.5000000000000001,0.11999972454541387,0.0,0.0,1
0.18045117338590366,0.026785739684526428,0.5000002150311043,0.5384618653792212,0.5000002490393307,0.008771976175169444,1.0,0.0,0.0,0.0,0.5000000000000001,0.1744997056079111,2.3002612554935356E-4,1.0,1
0.06511284681993347,0.013392869842263214,1.0,0.9230791025281416,0.0,0.3508772856836722,0.0,0.0,0.0,1.0,0.0,0.14999965568176735,0.0,1.0,0
0.10030069907633514,0.25000017779168504,0.5000002150311043,0.5384618653792212,0.37500018677949803,0.057017551584750456,1.0,1.0,0.044776281898721466,0.0,0.5000000000000001,0.0999997417613255,0.013910021073831769,1.0,1
0.5100761818525344,0.08928573968452644,0.5000002150311043,0.4615387012780956,0.5000002490393307,0.08771935077630315,1.0,1.0,0.17910476468774125,1.0,0.5000000000000001,0.2049993285794463,0.02510004443177347,1.0,1
0.6566914902339642,0.3035716571607379,0.5000002150311043,0.692308476910131,0.8749996887008363,0.24561357158163877,1.0,1.0,0.044776281898721466,0.0,0.5000000000000001,0.0,0.0,1.0,1
0.0,0.14285721905357932,0.0,0.6153850294803469,0.37500018677949803,0.061403598383105384,1.0,1.0,0.02985086911543343,1.0,0.5000000000000001,0.05999977619314875,0.010000020840419076,1.0,1
0.12285705118835848,0.41660681013270373,0.5000002150311043,0.2307689256460602,0.8749996887008363,0.00298250712601973,0.0,0.0,0.0,0.0,0.5000000000000001,0.1599996901135906,5.001700578196528E-5,0.0,0
0.05759447868726228,0.3571426031547357,0.5000002150311043,0.6153850294803469,0.8749996887008363,0.005789469049149713,0.0,1.0,0.014925427299573824,0.0,0.5000000000000001,0.05999977619314875,1.0003401156393056E-5,0.0,1
0.31699261709795984,0.08928573968452644,0.0,0.6153850294803469,0.37500018677949803,0.10526324441587186,0.0,0.0,0.0,0.0,0.0,0.0999997417613255,0.0,0.0,1
0.06646572529615385,0.36607130157736784,0.5000002150311043,0.5384618653792212,0.8749996887008363,0.038070176983616755,0.0,0.0,0.0,0.0,0.5000000000000001,0.1599996901135906,1.2999211398542158E-4,0.0,1
0.21428579067636794,0.10714295873810575,0.5000002150311043,0.6153850294803469,0.37500018677949803,0.026315811103967964,0.0,0.0,0.0,1.0,0.5000000000000001,0.14999965568176735,6.70019473287585E-4,0.0,1
0.1353382909169985,0.4107147936905287,0.5000002150311043,0.1538446282303009,0.37500018677949803,0.01456144522431917,0.0,0.0,0.0,0.0,0.5000000000000001,0.0,0.0,0.0,1
0.2679700427431171,0.12500017779168504,0.5000002150311043,0.07692373075844251,0.37500018677949803,0.10526324441587186,1.0,0.0,0.0,1.0,0.5000000000000001,0.14999965568176735,0.0,0.0,0
0.10030069907633514,0.2678573968452644,0.5000002150311043,0.2307689256460602,0.37500018677949803,0.05263162220793593,1.0,1.0,0.014925427299573824,0.0,0.5000000000000001,0.07999975897723713,0.00234001435488066,1.0,0
0.11278193880497518,0.08339301207561126,0.5000002150311043,0.1538446282303009,0.5000002490393307,0.0175439523503389,1.0,1.0,0.059701709198295295,0.0,0.0,0.03999979340906038,0.0,1.0,0
0.19428582632533967,0.15178591747621148,0.5000002150311043,0.9230791025281416,0.37500018677949803,0.15052643012097353,1.0,1.0,0.014925427299573824,1.0,0.5000000000000001,0.05999977619314875,0.0,1.0,1
0.22180451529875622,0.0357144381071586,0.5000002150311043,0.7692316410112567,0.37500018677949803,0.03508778727913742,1.0,1.0,0.02985086911543343,1.0,0.5000000000000001,0.08349975381246363,0.005000017714356215,0.0,0
0.28451141301829147,0.3214288762143172,0.0,0.6153850294803469,0.8749996887008363,0.18421056030623537,1.0,0.0,0.0,1.0,0.5000000000000001,0.07699980029542505,0.0,1.0,1
0.47488708188212314,0.0357144381071586,0.5000002150311043,0.7692316410112567,0.37500018677949803,0.004386046798354921,0.0,0.0,0.0,1.0,0.5000000000000001,0.13149969527836408,0.0,0.0,0
0.14781953064563855,0.020892834283926208,0.0,0.0,0.0,0.004386046798354921,0.0,0.0,0.0,0.0,0.5000000000000001,0.05999977619314875,8.70035395367758E-4,0.0,0
0.06270654122981824,0.019285775242863436,0.5000002150311043,0.5384618653792212,0.37500018677949803,0.061403598383105384,0.0,1.0,0.014925427299573824,1.0,0.5000000000000001,0.03999979340906038,5.001700578196528E-5,0.0,0
0.2894737498796847,0.08928573968452644,0.0,0.6153850294803469,0.37500018677949803,0.24561357158163877,0.0,0.0,0.0,1.0,0.5000000000000001,0.13999970732950223,0.0,0.0,1
0.1341353163667994,0.01196431365297907,0.5000002150311043,0.7692316410112567,0.37500018677949803,0.026315811103967964,0.0,0.0,0.0,0.0,0.0,0.07999975897723713,0.0,0.0,0
0.3145866679975616,0.03857155048572689,0.5000002150311043,0.4615387012780956,0.37500018677949803,0.040877256328287134,0.0,0.0,0.0,0.0,0.0,0.013999807181789696,0.0,0.0,1
0.2393985305493863,0.05053586413870596,0.5000002150311043,0.6153850294803469,0.8749996887008363,0.026315811103967964,1.0,1.0,0.014925427299573824,0.0,0.5000000000000001,0.11999972454541387,0.0010000275093531795,1.0,1
0.2718798237514839,0.08928573968452644,0.5000002150311043,0.3846152538483115,0.37500018677949803,0.26315752393197767,1.0,0.0,0.0,1.0,0.5000000000000001,0.2614993681760431,0.0,0.0,1
0.1040600613875293,0.06553579302203194,0.5000002150311043,0.7692316410112567,0.37500018677949803,0.07315794077844609,1.0,1.0,0.07462713649786912,0.0,0.5000000000000001,0.10999977619314877,0.025030020623678716,1.0,0
0.30075201505812565,0.09821443810715862,0.5000002150311043,0.1538446282303009,0.5000002490393307,0.0,0.0,0.0,0.0,0.0,0.5000000000000001,0.0899997503692813,0.0,0.0,1
0.12526317853361518,0.02964285206309471,0.5000002150311043,0.5384618653792212,0.8749996887008363,0.07596496141234628,0.0,0.0,0.0,1.0,0.5000000000000001,0.0639998071817897,0.0,1.0,1
0.32586475493114403,0.42857219053579304,0.5000002150311043,0.7692316410112567,0.8749996887008363,0.4912277302709796,1.0,1.0,0.11940363614087736,0.0,0.5000000000000001,0.0,0.06590011437221988,1.0,0
0.27323320131330814,0.15928588191787446,0.5000002150311043,0.9230791025281416,0.8749996887008363,0.2119300285040789,1.0,1.0,0.044776281898721466,0.0,0.5000000000000001,0.1554997090510934,0.0030000304270118502,1.0,1
0.1341353163667994,0.02821429587381057,0.5000002150311043,0.1538446282303009,0.37500018677949803,0.00298250712601973,0.0,0.0,0.0,0.0,0.5000000000000001,0.07199978307951342,0.0,0.0,0
0.19428582632533967,0.5208940788257216,0.5000002150311043,0.1538446282303009,0.5000002490393307,0.0,0.0,0.0,0.0,1.0,0.5000000000000001,0.0889997555340548,0.0,0.0,1
0.45488800875538743,0.07142869842263216,0.5000002150311043,0.4615387012780956,0.37500018677949803,0.061403598383105384,1.0,1.0,0.02985086911543343,1.0,0.5000000000000001,0.0,1.4999891629820767E-4,1.0,1
0.2469174334166331,0.038750053337505516,0.0,0.5384618653792212,0.37500018677949803,0.0014035396723351904,0.0,0.0,0.0,0.0,0.5000000000000001,0.08499975897723712,0.001790035695469793,0.0,1
0.3609025250166659,0.25000017779168504,0.5000002150311043,0.7692316410112567,0.8749996887008363,0.4035091427346889,1.0,1.0,0.10447799109701676,1.0,0.5000000000000001,0.14999965568176735,5.001700578196528E-5,0.0,1
0.0500743281060058,0.003035793022031937,0.0,0.5384618653792212,0.37500018677949803,0.0014035396723351904,0.0,0.0,0.0,0.0,0.5000000000000001,0.06999981062497203,0.007220017305884001,0.0,1
0.5326312862505481,0.08178577524286344,0.5000002150311043,0.0,0.0,0.010175515847504648,0.0,0.0,0.0,0.0,0.5000000000000001,0.0999997417613255,3.0010203469179167E-5,0.0,1
0.31699261709795984,0.04464295873810574,0.0,0.1538446282303009,0.8749996887008363,0.0175439523503389,0.0,0.0,0.0,1.0,0.5000000000000001,0.07999975897723713,0.0,0.0,0
0.458647192821723,0.39285739684526433,0.0,0.07692373075844251,0.37500018677949803,0.05263162220793593,1.0,0.0,0.0,0.0,0.0,0.0,0.0,0.0,1
0.687969898008292,0.09821443810715862,0.5000002150311043,0.6153850294803469,0.37500018677949803,0.061403598383105384,1.0,1.0,0.07462713649786912,1.0,0.5000000000000001,0.029999845056795295,5.800409639277357E-4,1.0,1
0.17669181107470955,0.013392869842263214,0.5000002150311043,0.4615387012780956,0.37500018677949803,0.008771976175169444,1.0,1.0,0.044776281898721466,0.0,0.5000000000000001,0.12999967289767897,0.15108011723986156,1.0,1
0.41849646896935255,0.03714299429644275,0.5000002150311043,0.3846152538483115,0.37500018677949803,0.023333421399488626,0.0,0.0,0.0,0.0,0.5000000000000001,0.11999972454541387,0.002370024558349839,0.0,0
0.1616541835850745,0.08625012445417952,0.0,0.5384618653792212,0.37500018677949803,0.0,0.0,0.0,0.0,0.0,0.5000000000000001,0.05999977619314875,0.0,0.0,0
0.14406016833444438,0.05357147936905288,0.5000002150311043,0.5384618653792212,0.8749996887008363,0.0496491150819162,1.0,0.0,0.0,0.0,0.5000000000000001,0.21099993457953584,0.0020000029176586707,1.0,1
0.5100761818525344,0.0103572546119163,0.5000002150311043,0.5384618653792212,0.5000002490393307,0.5263156349716575,1.0,1.0,0.2985084734100475,0.0,0.5000000000000001,0.0,0.15000006252125722,1.0,1
0.44360920884237093,0.10714295873810575,0.5000002150311043,0.7692316410112567,0.8749996887008363,0.2105268410963649,1.0,1.0,0.16417984545816988,0.0,0.5000000000000001,0.03999979340906038,0.0,1.0,1
0.13909783147305116,0.022321568264895394,0.0,0.3846152538483115,0.37500018677949803,0.004386046798354921,1.0,0.0,0.0,0.0,0.5000000000000001,0.0899997503692813,1.0003401156393056E-5,0.0,1
0.3157896425477607,0.08928573968452644,0.5000002150311043,0.9230791025281416,0.5000002490393307,0.0175439523503389,0.0,0.0,0.0,0.0,0.5000000000000001,0.17399966945449666,0.0,0.0,1
0.3082709179253725,0.06250017779168503,0.5000002150311043,0.6153850294803469,0.5000002490393307,0.008771976175169444,1.0,0.0,0.0,1.0,0.5000000000000001,0.08149978135792225,0.0,0.0,1
0.4699247450207299,0.16375017779168505,0.5000002150311043,0.2307689256460602,0.8749996887008363,0.03508778727913742,0.0,0.0,0.0,1.0,0.0,0.11999972454541387,0.0,0.0,0
0.25308281612616884,0.09678588191787448,0.0,0.4615387012780956,0.37500018677949803,0.004386046798354921,0.0,0.0,0.0,1.0,0.0,0.03999979340906038,0.0,0.0,1
0.2093234538149747,0.026785739684526428,0.5000002150311043,0.7692316410112567,0.8749996887008363,0.005789469049149713,0.0,0.0,0.0,1.0,0.5000000000000001,0.10999977619314877,0.0025100200734916537,0.0,1
0.08526342807641714,0.2589288762143172,0.5000002150311043,0.4615387012780956,0.37500018677949803,0.0014035396723351904,0.0,1.0,0.014925427299573824,0.0,0.5000000000000001,0.04999982784088366,1.0003401156393056E-5,0.0,1
0.4147371066581584,0.0357144381071586,0.5000002150311043,0.1538446282303009,0.5000002490393307,0.07894741452445743,1.0,0.0,0.0,1.0,0.5000000000000001,0.0,0.0030000304270118502,1.0,0
0.14661655609543944,0.05357147936905288,0.5000002150311043,0.6153850294803469,0.37500018677949803,0.030701740480782495,0.0,0.0,0.0,1.0,0.5000000000000001,0.07999975897723713,0.0,0.0,0
0.061353662753597896,0.39285739684526433,0.5000002150311043,1.0,0.8749996887008363,0.03508778727913742,1.0,1.0,0.16417984545816988,0.0,0.5000000000000001,0.0,0.03000004376488006,1.0,0
0.29203013764067975,0.0803572190535793,0.0,0.9230791025281416,0.37500018677949803,0.12280707934467039,0.0,0.0,0.0,1.0,0.5000000000000001,0.0999997417613255,0.0014100106536222318,0.0,0
0.4034588414797175,0.05357147936905288,0.5000002150311043,0.1538446282303009,0.5000002490393307,0.0,0.0,0.0,0.0,0.0,0.0,0.14999965568176735,0.0,0.0,1
0.6353395386310082,0.44642958738105737,0.5000002150311043,0.2307689256460602,0.8749996887008363,0.2807014762823166,1.0,0.0,0.0,1.0,0.5000000000000001,0.011999834727248311,0.020280020206870336,1.0,1
0.22180451529875622,0.1085715149273899,0.0,1.0,0.8749996887008363,0.08912285522217622,1.0,1.0,0.014925427299573824,0.0,0.5000000000000001,0.03499977619314875,0.0,1.0,0
0.27563922171164973,0.14285721905357932,0.5000002150311043,0.4615387012780956,0.37500018677949803,0.08771935077630315,1.0,0.0,0.0,1.0,0.5000000000000001,0.1799992424998881,0.0,1.0,1
0.11157896425477608,0.03125008889584253,0.0,0.5384618653792212,0.8749996887008363,0.008771976175169444,0.0,0.0,0.0,0.0,0.5000000000000001,0.13999970732950223,0.002040016522284243,0.0,1
0.3070677651303148,0.3275002844666961,0.5000002150311043,0.5384618653792212,0.37500018677949803,0.1578947492022674,1.0,1.0,0.17910476468774125,1.0,0.5000000000000001,0.0,0.0022100222408952385,1.0,1
0.36842124963905415,0.2142859174762115,0.5000002150311043,0.2307689256460602,0.37500018677949803,0.03508778727913742,1.0,0.0,0.0,1.0,0.5000000000000001,0.0,0.0,1.0,0
0.35594000991041413,0.0728572546119163,0.5000002150311043,0.6153850294803469,0.37500018677949803,0.0014035396723351904,1.0,0.0,0.0,1.0,0.5000000000000001,0.1999998278408837,0.058000032511053755,1.0,1
0.35458659669961823,0.09517864508512666,0.5000002150311043,0.9230791025281416,0.37500018677949803,0.005789469049149713,0.0,0.0,0.0,1.0,0.5000000000000001,0.0,0.005010021115512608,0.0,1
0.2643610100066664,0.6964295873810574,0.5000002150311043,0.5384618653792212,0.37500018677949803,0.24561357158163877,1.0,1.0,0.23880661904889441,0.0,0.5000000000000001,0.0,0.05000002084041908,1.0,1
0.335789606898789,0.09071447366549562,0.5000002150311043,0.0,0.0,0.0,0.0,0.0,0.0,0.0,0.5000000000000001,0.0,0.010000020840419076,0.0,1
0.5025560312712779,0.20839301207561123,0.5000002150311043,0.6153850294803469,0.37500018677949803,0.19298253648140481,0.0,0.0,0.0,0.0,0.5000000000000001,0.23250002582386747,0.0015000412640297706,0.0,1
0.12406020398341609,0.27982171049824345,0.0,0.1538446282303009,0.5000002490393307,0.005789469049149713,0.0,0.0,0.0,1.0,0.5000000000000001,0.09199975017990629,0.0,0.0,1
0.31834603030875575,0.08928573968452644,0.5000002150311043,0.6153850294803469,0.37500018677949803,0.0,1.0,0.0,0.0,1.0,0.5000000000000001,0.11949968839199943,0.0020000029176586707,1.0,1
0.15533843351288532,0.03125008889584253,0.5000002150311043,0.4615387012780956,0.37500018677949803,0.00298250712601973,0.0,1.0,0.059701709198295295,0.0,0.5000000000000001,0.12699971421586687,0.019500015421910114,0.0,1
0.35458659669961823,0.2321431365297908,0.5000002150311043,0.4615387012780956,0.8749996887008363,0.14912289044863836,1.0,1.0,0.17910476468774125,1.0,0.5000000000000001,0.046499833005657146,0.0,1.0,1
0.1052632141825869,0.34071465145718066,0.5000002150311043,0.1538446282303009,0.37500018677949803,0.0014035396723351904,0.0,0.0,0.0,0.0,0.5000000000000001,0.0999997417613255,0.010000020840419076,0.0,0
0.34466192297683174,0.11607147936905289,0.5000002150311043,0.7692316410112567,0.8749996887008363,0.3157893809829944,1.0,0.0,0.0,1.0,0.5000000000000001,0.05099981406815435,0.006390021565665659,1.0,1
0.13278190315600347,0.358572048302445,0.5000002150311043,1.0,0.37500018677949803,0.0014035396723351904,1.0,1.0,0.1343285553704487,0.0,0.5000000000000001,0.029999845056795295,0.0039599922306917685,1.0,1
0.19804518863653378,0.48214260315473567,0.5000002150311043,0.7692316410112567,0.8749996887008363,0.1754387015526063,1.0,1.0,0.02985086911543343,0.0,0.5000000000000001,0.0,0.05000002084041908,1.0,0
0.4950376631386067,0.01642866286429517,0.5000002150311043,0.9230791025281416,0.8749996887008363,0.01456144522431917,1.0,1.0,0.16417984545816988,1.0,0.5000000000000001,0.21999955238629754,6.002040693835978E-5,1.0,0
0.3822559025784901,0.08928573968452644,0.0,0.1538446282303009,0.8749996887008363,0.3508772856836722,0.0,0.0,0.0,1.0,0.0,0.0999997417613255,0.0,0.0,1
0.3822559025784901,0.05803582858036895,0.5000002150311043,0.5384618653792212,0.37500018677949803,0.05263162220793593,1.0,1.0,0.1492542004143093,0.0,0.5000000000000001,0.09299975209087248,0.047000042514454915,1.0,1
0.2093234538149747,0.0728572546119163,0.5000002150311043,0.6153850294803469,0.37500018677949803,0.008771976175169444,0.0,0.0,0.0,1.0,0.5000000000000001,0.0899997503692813,5.000137546765898E-4,0.0,0
0.08150424401008152,0.33928609526789655,0.5000002150311043,0.6153850294803469,0.37500018677949803,0.05263162220793593,1.0,0.0,0.0,0.0,0.5000000000000001,0.05999977619314875,0.022060000400136046,1.0,1
0.3872182394398833,0.15178591747621148,0.5000002150311043,0.5384618653792212,0.5000002490393307,0.2280707934467038,1.0,1.0,0.23880661904889441,0.0,0.5000000000000001,0.05849975381246363,0.01210002025688734,1.0,1
0.18676692345809284,0.008928698422632178,0.5000002150311043,0.1538446282303009,0.5000002490393307,0.0,1.0,0.0,0.0,1.0,0.5000000000000001,0.0,0.0,1.0,1
0.3860152648896843,0.061071443810715866,0.0,0.4615387012780956,0.37500018677949803,0.005789469049149713,0.0,0.0,0.0,0.0,0.0,0.1999998278408837,0.0,0.0,1
0.4236092444913427,0.015000106675011029,0.5000002150311043,0.5384618653792212,0.8749996887008363,0.0073684365028342524,1.0,1.0,0.08955256379744293,0.0,0.5000000000000001,0.10999977619314877,0.009480020081827821,1.0,1
0.11398491335517429,0.2678573968452644,0.5000002150311043,0.3846152538483115,0.37500018677949803,0.0496491150819162,1.0,1.0,0.014925427299573824,0.0,0.5000000000000001,0.03999979340906038,0.09800009086422716,1.0,1
0.09518792355434509,0.04464295873810574,0.5000002150311043,0.5384618653792212,0.37500018677949803,0.0,0.0,0.0,0.0,0.0,0.5000000000000001,0.0,0.0,0.0,0
0.20797004060417876,0.10714295873810575,0.5000002150311043,0.4615387012780956,0.37500018677949803,0.0978948079130376,0.0,1.0,0.014925427299573824,1.0,0.5000000000000001,0.13999970732950223,1.0003401156393199E-4,0.0,0
0.21804515298756205,0.18303589969704298,0.5000002150311043,1.0,0.37500018677949803,0.16666672537743688,1.0,1.0,0.02985086911543343,0.0,0.5000000000000001,0.20999969011359063,7.002380809475283E-5,1.0,1
0.19804518863653378,0.0803572190535793,0.5000002150311043,0.1538446282303009,0.5000002490393307,0.0175439523503389,0.0,0.0,0.0,1.0,0.5000000000000001,0.3199998967045302,0.04000005835317341,0.0,1
0.07022490936248943,0.33035739684526433,0.5000002150311043,0.7692316410112567,0.37500018677949803,0.04245622378197168,1.0,1.0,0.059701709198295295,0.0,0.5000000000000001,0.029999845056795295,0.005400018297887949,1.0,0
0.1428571937842453,0.20982156826489537,0.5000002150311043,0.7692316410112567,0.37500018677949803,0.11122814124637094,1.0,1.0,0.1492542004143093,0.0,0.5000000000000001,0.05999977619314875,0.002449999666553295,1.0,0
0.14781953064563855,0.06392873398096918,0.5000002150311043,0.5384618653792212,0.37500018677949803,0.018947374601133705,0.0,0.0,0.0,1.0,0.5000000000000001,0.06799975209087247,1.0003401156393056E-5,0.0,1
0.1792481988357046,0.07892866286429516,0.0,0.3846152538483115,0.37500018677949803,0.14035091427346888,1.0,0.0,0.0,0.0,0.5000000000000001,0.09399974692609898,0.0,0.0,1
0.13789467867799354,0.11303586413870598,0.0,0.5384618653792212,0.37500018677949803,0.005789469049149713,0.0,0.0,0.0,0.0,0.5000000000000001,0.07999975897723713,0.010580020644519137,0.0,1
0.1616541835850745,0.03714299429644275,0.0,0.0,0.0,0.0175439523503389,1.0,1.0,0.044776281898721466,0.0,0.5000000000000001,0.0899997503692813,0.00147003106056059,0.0,0
0.16541354589626864,0.019285775242863436,0.5000002150311043,0.4615387012780956,0.37500018677949803,0.03508778727913742,0.0,0.0,0.0,1.0,0.5000000000000001,0.05999977619314875,1.0003401156393056E-5,0.0,1
0.27443621151247893,0.06250017779168503,0.0,0.692308476910131,0.8749996887008363,0.0014035396723351904,1.0,0.0,0.0,1.0,0.5000000000000001,0.19649983300565718,0.0,1.0,1
0.5162416715089854,0.1339286984226322,0.5000002150311043,0.1538446282303009,0.5000002490393307,0.03508778727913742,0.0,0.0,0.0,0.0,0.5000000000000001,0.04999982784088366,2.000680231278611E-5,0.0,1
0.22060154074855712,0.12500017779168504,0.5000002150311043,0.6153850294803469,0.37500018677949803,0.029298318229987696,1.0,0.0,0.0,0.0,0.0,0.13999970732950223,0.0,1.0,0
0.17548883652451044,0.019285775242863436,0.5000002150311043,0.6153850294803469,0.37500018677949803,0.005789469049149713,0.0,1.0,0.014925427299573824,0.0,0.5000000000000001,0.1359996763408613,0.0044399991830555725,0.0,1
0.11909768887716433,0.041607165716073785,0.0,0.2307689256460602,0.37500018677949803,0.08771935077630315,1.0,1.0,0.014925427299573824,0.0,0.5000000000000001,0.0899997503692813,2.000159220801744E-4,0.0,1
0.19548880087553874,0.07142869842263216,0.5000002150311043,0.07692373075844251,0.37500018677949803,0.026315811103967964,0.0,0.0,0.0,1.0,0.5000000000000001,0.03999979340906038,0.0,0.0,1
0.5175945499852056,0.12500017779168504,0.5000002150311043,0.3846152538483115,0.37500018677949803,0.12280707934467039,1.0,0.0,0.0,0.0,0.0,0.11499970732950222,0.0,1.0,1
0.24932338251703132,0.017857219053579294,0.5000002150311043,0.07692373075844251,0.8749996887008363,0.00298250712601973,0.0,0.0,0.0,1.0,0.0,0.1259997279885962,0.0,0.0,1
0.09022558669295186,0.026785739684526428,0.5000002150311043,0.5384618653792212,0.37500018677949803,0.027894778557652503,1.0,1.0,0.07462713649786912,1.0,0.5000000000000001,0.06999981062497203,5.001700578196528E-5,0.0,0
0.18676692345809284,0.029821532706558386,0.5000002150311043,0.9230791025281416,0.37500018677949803,0.040877256328287134,0.0,0.0,0.0,0.0,0.5000000000000001,0.04999982784088366,0.0,0.0,1
0.22556405585480888,0.05357147936905288,0.0,0.5384618653792212,0.37500018677949803,0.05263162220793593,1.0,0.0,0.0,1.0,0.5000000000000001,0.0,0.0022500358455208105,0.0,1
0.22436090305975123,0.33339318986729627,0.5000002150311043,0.7692316410112567,0.8749996887008363,0.19877177068747376,1.0,1.0,0.08955256379744293,0.0,0.5000000000000001,0.19050008780114938,0.001679998282749468,1.0,1
0.14661655609543944,0.11303586413870598,0.0,0.2307689256460602,0.37500018677949803,0.01456144522431917,0.0,1.0,0.014925427299573824,1.0,0.5000000000000001,0.13999970732950223,8.000115872730066E-4,0.0,1
0.1891730508033496,0.4642869842263217,0.5000002150311043,0.692308476910131,0.12500031129916347,0.0,0.0,0.0,0.0,1.0,0.5000000000000001,0.06999981062497203,0.011100018798058007,0.0,1
0.6102266205131313,0.24107165716073792,0.5000002150311043,0.5384618653792212,0.8749996887008363,0.09210533886388787,1.0,1.0,0.16417984545816988,1.0,0.5000000000000001,0.0,0.0028400281095572496,1.0,1
0.2679700427431171,0.013392869842263214,0.5000002150311043,0.07692373075844251,0.37500018677949803,0.030701740480782495,1.0,0.0,0.0,1.0,0.0,0.4639998071817898,0.0,0.0,1
0.1729324487635154,0.44642958738105737,0.5000002150311043,0.07692373075844251,0.37500018677949803,0.03508778727913742,0.0,0.0,0.0,1.0,0.5000000000000001,0.0899997503692813,0.01062002070287231,0.0,0
0.3872182394398833,0.05803582858036895,0.5000002150311043,0.5384618653792212,0.37500018677949803,0.05263162220793593,0.0,0.0,0.0,0.0,0.5000000000000001,0.0,0.0031600327444664526,0.0,1
0.05894735716348263,0.0,0.0,0.30769208974718587,0.0,0.0,0.0,0.0,0.0,0.0,0.5000000000000001,0.04299975209087247,0.0,0.0,0
0.1529323061676286,0.023750124454179535,0.5000002150311043,0.5384618653792212,0.37500018677949803,0.005789469049149713,0.0,0.0,0.0,0.0,0.5000000000000001,0.04999982784088366,0.0,1.0,1
0.19428582632533967,0.09678588191787448,0.0,0.9230791025281416,0.37500018677949803,0.18421056030623537,1.0,1.0,0.014925427299573824,0.0,0.5000000000000001,0.10549970905109339,0.0,1.0,1
0.13157892860580436,0.014821426031547355,0.5000002150311043,0.1538446282303009,0.37500018677949803,0.011754365879648789,0.0,0.0,0.0,1.0,0.0,0.07199978307951342,0.0,0.0,0
0.3935339895120725,0.019285775242863436,0.0,0.3846152538483115,0.37500018677949803,0.0175439523503389,1.0,1.0,0.044776281898721466,0.0,0.5000000000000001,0.0999997417613255,0.010000020840419076,1.0,1
0.18541351024729694,0.30946456256133814,0.5000002150311043,0.3846152538483115,0.37500018677949803,0.0496491150819162,1.0,0.0,0.0,0.0,0.5000000000000001,0.07999975897723713,0.0015000412640297706,1.0,0
0.09398494900414599,0.0,0.5000002150311043,0.07692373075844251,0.37500018677949803,0.0175439523503389,0.0,0.0,0.0,0.0,0.5000000000000001,0.07199978307951342,0.0,0.0,1
0.2679700427431171,0.14285721905357932,0.0,0.1538446282303009,0.37500018677949803,0.00298250712601973,0.0,0.0,0.0,1.0,0.5000000000000001,0.20549945081241888,0.0,0.0,1
0.19548880087553874,0.16071445588632713,0.0,0.5384618653792212,0.5000002490393307,0.08771935077630315,0.0,0.0,0.0,0.0,0.5000000000000001,0.0999997417613255,0.01210002025688734,0.0,1
0.16796993365726365,0.04464295873810574,0.5000002150311043,0.0,0.0,0.0,1.0,0.0,0.0,0.0,0.5000000000000001,0.03999979340906038,0.0,0.0,0
0.27819560947264477,0.05357147936905288,0.5000002150311043,0.5384618653792212,0.37500018677949803,0.008771976175169444,0.0,0.0,0.0,1.0,0.5000000000000001,0.18599984849997764,0.0012199981326984505,0.0,0
0.05894735716348263,0.15928588191787446,0.5000002150311043,0.5384618653792212,0.37500018677949803,0.008771976175169444,0.0,0.0,0.0,0.0,0.0,0.03999979340906038,0.0,0.0,1
0.3609025250166659,0.19642869842263216,0.5000002150311043,0.7692316410112567,0.37500018677949803,0.004386046798354921,1.0,0.0,0.0,1.0,0.5000000000000001,0.11399972110223153,0.0,1.0,0
0.1341353163667994,0.09071447366549562,0.0,0.5384618653792212,0.8749996887008363,0.09070179919155269,1.0,0.0,0.0,0.0,0.5000000000000001,0.0,0.0,1.0,1
0.06270654122981824,0.36464363434650887,0.5000002150311043,0.0,0.0,0.0,0.0,0.0,0.0,0.0,0.5000000000000001,0.0,5.000137546765898E-4,0.0,0
0.18676692345809284,0.44642958738105737,0.0,0.2307689256460602,0.8749996887008363,0.04385964603276647,0.0,0.0,0.0,1.0,0.5000000000000001,0.0,1.700057186109938E-4,0.0,1
0.1353382909169985,0.22017882287681168,0.5000002150311043,0.3846152538483115,0.37500018677949803,0.005789469049149713,0.0,0.0,0.0,0.0,0.5000000000000001,0.10999977619314877,0.010000020840419076,0.0,0
0.13909783147305116,0.026785739684526428,0.5000002150311043,0.4615387012780956,0.37500018677949803,0.0175439523503389,1.0,0.0,0.0,1.0,0.0,0.1599996901135906,0.0,0.0,1
0.1792481988357046,0.0103572546119163,0.0,0.5384618653792212,0.37500018677949803,0.05263162220793593,0.0,0.0,0.0,1.0,0.5000000000000001,0.07999975897723713,0.0,0.0,1
0.5237600396416565,0.007321461589884363,0.0,0.2307689256460602,0.37500018677949803,0.008771976175169444,1.0,1.0,0.16417984545816988,0.0,0.5000000000000001,0.18999996556817675,0.027320017972777413,1.0,1
0.11157896425477608,0.0,0.5000002150311043,0.5384618653792212,0.37500018677949803,0.0175439523503389,0.0,0.0,0.0,1.0,0.0,0.0,0.0,0.0,1
0.13789467867799354,0.41374969775413545,0.5000002150311043,0.9230791025281416,0.37500018677949803,0.0014035396723351904,1.0,0.0,0.0,0.0,0.5000000000000001,0.03999979340906038,0.013490024108196786,1.0,0
0.5175945499852056,0.04767857396845263,0.5000002150311043,0.1538446282303009,0.749999377401673,0.011754365879648789,0.0,0.0,0.0,0.0,0.5000000000000001,0.0,0.0011999913303856642,0.0,0
0.2679700427431171,0.375,0.5000002150311043,1.0,0.37500018677949803,0.2280707934467038,1.0,0.0,0.0,0.0,0.5000000000000001,0.0,0.0,1.0,1
0.07639039901894032,0.34071465145718066,0.5000002150311043,0.3846152538483115,0.37500018677949803,0.00298250712601973,1.0,0.0,0.0,0.0,0.5000000000000001,0.04999982784088366,0.0,1.0,0
