@relation breast-cancer-wisc-diag
@attribute f1 real [-2.02786, 3.9678]
@attribute f2 real [-2.22729, 4.6478]
@attribute f3 real [-1.98276, 3.97263]
@attribute f4 real [-1.45316, 5.24591]
@attribute f5 real [-3.10935, 4.76672]
@attribute f6 real [-1.60872, 4.56441]
@attribute f7 real [-1.11389, 4.23986]
@attribute f8 real [-1.26071, 3.92448]
@attribute f9 real [-2.7417, 4.48081]
@attribute f10 real [-1.81826, 4.9066]
@attribute f11 real [-1.05899, 8.89908]
@attribute f12 real [-1.5529, 6.64943]
@attribute f13 real [-1.04313, 9.45367]
@attribute f14 real [-0.73718, 11.0321]
@attribute f15 real [-1.7745, 8.02294]
@attribute f16 real [-1.29696, 6.13808]
@attribute f17 real [-1.05657, 12.0621]
@attribute f18 real [-1.91177, 6.64375]
@attribute f19 real [-1.53154, 7.0657]
@attribute f20 real [-1.096, 9.84293]
@attribute f21 real [-1.72538, 4.09059]
@attribute f22 real [-2.22204, 3.88249]
@attribute f23 real [-1.69187, 4.28357]
@attribute f24 real [-1.22135, 5.92496]
@attribute f25 real [-2.68034, 3.9519]
@attribute f26 real [-1.44261, 5.10838]
@attribute f27 real [-1.30468, 4.69654]
@attribute f28 real [-1.74353, 2.68352]
@attribute f29 real [-2.15906, 6.04073]
@attribute f30 real [-1.60043, 6.84084]
@attribute clase integer [0, 1]
@inputs f1, f2, f3, f4, f5, f6, f7, f8, f9, f10, f11, f12, f13, f14, f15, f16, f17, f18, f19, f20, f21, f22, f23, f24, f25, f26, f27, f28, f29, f30
@outputs clase
@data
0.52103688334562,0.022658612469073136,0.5459894314226272,0.36373257780557594,0.5937529757861472,0.7920374267186987,0.703138921316834,0.7311130353950386,0.6863638818084017,0.605517438281243,0.3561473257368145,0.12046967142263233,0.3690334197088636,0.27381199189755023,0.15929528529901688,0.35139824399061736,0.13568143721886441,0.3006256779248953,0.31164536525675685,0.183042217108986,0.6207752103260504,0.14152440892255416,0.6683106181302131,0.45069833242610524,0.6011362676863322,0.61929113004294,0.568609382758839,0.9120271964400671,0.5984616679207639,0.4188635122440107,1
0.6431435404942909,0.27257359540020565,0.6157833492013117,0.5015905192810345,0.2898799782124841,0.18176792000168474,0.20360777025449453,0.3487571332969476,0.3797974859155612,0.1413220498270596,0.15643653840553443,0.08258958125313173,0.12444030561694992,0.12566010834987357,0.11938639073063984,0.0813234360541436,0.046969471752852994,0.253836470489228,0.08453852631774848,0.091109797759013,0.6069013423384234,0.3035714461227973,0.5398179882987696,0.4352148171573861,0.34755346609893495,0.1545635087215825,0.19297076261160231,0.639175071435832,0.23358951875596815,0.2228779555682972,1
0.5333424510395853,0.3473115261036583,0.5238750107045886,0.38027517252394727,0.3791639739108464,0.2748909548316656,0.26405771655381743,0.367792887049462,0.370706568769029,0.15711821510038873,0.12138305916708761,0.0912750401410331,0.11416850849782789,0.08798711560945104,0.0884178928373126,0.08688117347048568,0.05691895596123693,0.19681807768551765,0.08172425103870544,0.04436631370709933,0.5318390569414905,0.4168443762255242,0.5119271551551015,0.34919419952395014,0.4822690373086619,0.2234481047902683,0.3022358787046634,0.6639161518392609,0.2952886598315323,0.18785236107836856,1
0.3194182125070468,0.4362530526873103,0.34420597139733916,0.18443216745010874,0.5459055087118322,0.643887298663725,0.4985944431473267,0.3988565510617739,0.5095955561155332,0.5657114051444938,0.036429247836177105,0.1787484531834247,0.061442630134898236,0.023175334429973625,0.16031514354770227,0.42890690567905476,0.13891370085534585,0.30839224266906046,0.1650248219195928,0.24868337213968825,0.25257884755251486,0.5327830316175037,0.29080097867270027,0.12595871155883245,0.6202866603138608,0.7230067516512771,0.554552241044321,0.7587626071537479,0.4003541554112971,0.5775943667244384,1
0.3643800682493671,0.3523843324232846,0.35208374262642744,0.22947997259321068,0.4156359707315958,0.1614009424716473,0.17326565491477938,0.2613814922886143,0.26565598386156614,0.19502889279479424,0.13079823700777363,0.19443973846455823,0.11487529532809998,0.07209234549607113,0.13614546248816017,0.07035819578643825,0.05045435246103454,0.21007817175344107,0.08749342812344427,0.04111873830438626,0.39630001530269243,0.502665233850927,0.3635138165557683,0.23417246103233696,0.4967971605370131,0.15504862623817162,0.2327471247513006,0.552920567872511,0.2885865369722883,0.17788253426320924,1
0.4330062078236591,0.3709842343882043,0.44440649562832996,0.2779636576420309,0.5811134233189904,0.560762530515314,0.4034667289283213,0.5109340255612619,0.5575748597094361,0.49705123972841075,0.1657430606533194,0.15753206710776085,0.1459264728298148,0.08849139454580059,0.18060954902505144,0.17092294056252552,0.08050477731355389,0.24569108598892878,0.12675160865580115,0.11218409844472907,0.463535919201784,0.5186566369564897,0.43025015731059135,0.27767421228578104,0.7114172587240509,0.38421063075962564,0.3821081380119376,0.7123705402017143,0.4220376375492544,0.388036397366747,1
0.6710670718486371,0.45079482595864195,0.645497608049179,0.5346772014622925,0.3760042762443706,0.2540333509905024,0.25702862479570393,0.4290255516191306,0.35808036264401155,0.059393057996746414,0.21010296171848564,0.16946623703264804,0.16708272997484946,0.16284768482014192,0.102491467158768,0.0776432944543674,0.04330789630351248,0.19662872624925196,0.041480754288585636,0.03773303238982241,0.7556022469166794,0.6281990587317942,0.6852432624208425,0.5971781240948126,0.4551938711506218,0.22577660781042252,0.25199626076031206,0.6903784687319998,0.24778232125456873,0.13262471168437925,1
0.501158838226317,0.180588617749004,0.4920880076703625,0.3442627110927337,0.4138303747935201,0.29544185850613874,0.23137258930656085,0.39527809009891635,0.3429288432968594,0.24283866132529155,0.17700508231012638,0.10217048082678945,0.1836685466046795,0.10141639930395062,0.13305200133912531,0.2108784888850631,0.08603507062834875,0.2564885594329743,0.15995924273371456,0.09836488577950495,0.429740008975287,0.19989417694728337,0.42078759053726583,0.25604612730206217,0.3587798390890559,0.2463449035947238,0.19880141037988944,0.5003433437616471,0.23477223197179445,0.1584019940127493,1
0.22996767661942139,0.30402438368079543,0.23592040151862428,0.12602286586048508,0.526045350028631,0.4055577964500991,0.2853790333878123,0.2575544579851461,0.6267668719046426,0.590354297338532,0.13434701704245905,0.14802891373548735,0.1280684589589208,0.06387413673563719,0.13046846931443315,0.2394932643267554,0.10618652653050957,0.19776530240125673,0.20892646942507132,0.16486987301317405,0.3162573053162241,0.4291044519397889,0.3435924383811067,0.17290128751761397,0.6110409152865397,0.533817026128875,0.5555903632927972,0.5312711625122825,0.6300015000384156,0.5585723475259056,1
0.4330062078236591,0.2762936921553027,0.43680497834734583,0.281526689525561,0.46375362331721276,0.4187472157560265,0.3172441746439412,0.38528790651837247,0.4737369695576746,0.31992383484563247,0.0805719381366068,0.07193712030605937,0.06719114396768537,0.05272353109111177,0.08403266567593166,0.19848622199746063,0.06727252076620573,0.1717565969105326,0.1287215431929317,0.10095599295360697,0.436855073186416,0.40618344082181584,0.4098307404977709,0.26440246784704274,0.48491052796641854,0.5366303413682512,0.42124601331062683,0.6405484464824205,0.5332148750150919,0.4477240983880387,1
0.4618764239466548,0.4017586678865295,0.45822725295908406,0.3079530442285272,0.39243471680673225,0.350346420697442,0.31583843100630404,0.29910514368808083,0.42222177608615286,0.13900527297222545,0.12674253143430406,0.12365205984153284,0.10606406714427252,0.0717001379863509,0.1381170999771369,0.17077273289720027,0.09330778196265321,0.22636918620960503,0.28153302687839354,0.061156621351448455,0.429740008975287,0.4530917204109079,0.4138150496030418,0.256537709671145,0.5621735642859728,0.34559692504491685,0.432028820806436,0.6230243615951931,0.6501081125248329,0.2052339280700653,1
0.3440288808905108,0.40615497397124983,0.3444132793989982,0.2076347761704236,0.4116636850612044,0.2773447181575635,0.3090435675928088,0.2782303059290016,0.41666622822259847,0.23778383490511326,0.0631900559044072,0.14559777526629628,0.08952537916317352,0.033821610157970576,0.1415844343012052,0.2080245701435365,0.12159052708849295,0.21992857243043087,0.17445240565576858,0.10803834561515614,0.2831729530929492,0.4888060178261061,0.32765536931171596,0.15100296516663844,0.48491052796641854,0.384696053573582,0.4142174424533678,0.49725053929817825,0.3993687643220132,0.3040794809311869,1
0.37905184750302723,0.5238418697064329,0.3576121798908216,0.23554568022128441,0.3723029378865348,0.09793897099202512,0.05618510389913614,0.14408536620644566,0.2550499757009682,0.10699107490713562,0.39923900916543065,0.4039510724391728,0.3449089246246475,0.18527981320862447,0.1757484097886795,0.06525102756676492,0.04590892216970165,0.3631374831687612,0.0,0.029683341972203868,0.2511558690983619,0.351279377773555,0.224761858540961,0.1262290608719745,0.14990410479717262,0.023304874530414466,0.019152772269638515,0.09962164421002699,0.0,0.0,1
0.30569295123472645,0.40142049049539713,0.2929309415504274,0.17794231139546232,0.2617130116923796,0.12554425388741206,0.07286742937193558,0.1009442276946457,0.36565612231758765,0.12447292583042621,0.045989232853354135,0.10305449792924692,0.03840160810913801,0.02564082084885396,0.053267996537871114,0.06585196582668014,0.03510081433559957,0.1303471910532615,0.08327207336307932,0.013514850172731713,0.28459594874113864,0.48587426059008626,0.2594249126424163,0.1481273552364787,0.2524607070914201,0.17173618033304885,0.16653313826188676,0.3821304028642098,0.28168721394084484,0.10770026311206728,1
0.572152190084161,0.5106522241890652,0.5839953386763923,0.4074222242788924,0.3446781199252927,0.6122939254478684,0.49367265935092225,0.49507925456926355,0.6313123830911969,0.283697965459504,0.3149013814925985,0.28858751110964814,0.38038926148921576,0.18322531199869488,0.1643604860045073,0.7386375863478877,0.24552946297147502,0.4997159728456015,0.6395005839083241,0.23324036263144565,0.5748843271199817,0.5636994166627077,0.6324521708861607,0.3602530536738541,0.3534968577735426,0.695743696754231,0.5784340517428123,0.8566991563230593,0.612063235765794,0.3198215434407382,1
0.2981204738093888,0.3574569932902697,0.30080884711160816,0.17039186036270704,0.46465635780281284,0.381019353229237,0.23071641372869486,0.3060634229411072,0.4616156986975442,0.37615801667246607,0.09375320719778031,0.1027009398548949,0.07868807636613061,0.04581274300551945,0.1141853382107979,0.14433600895220466,0.0551765537207659,0.18109547987731897,0.1309729634161661,0.08368195061125723,0.33617900367436554,0.4259061713186764,0.3122163388804841,0.17744808159735584,0.5403816810006875,0.33482771306321635,0.29265132756339546,0.512714335731469,0.42854268219064146,0.3126058045767995,1
0.30805932958173077,0.42576940810956654,0.2979756153669197,0.17709398468742674,0.31497701264717043,0.17667617561917534,0.1113163670324539,0.16819075096573124,0.378282333980846,0.15206338868021044,0.04428729663478968,0.2194132642797839,0.04608194878439142,0.02502438551891024,0.09321108371166345,0.08688117347048568,0.05290383857509946,0.2242854589785308,0.11999746430249708,0.036662086694036804,0.2568477829149738,0.5277185958624169,0.24199372765854898,0.1262290608719745,0.2973652943801792,0.13952532365337145,0.18226793885243336,0.4405495759026891,0.25744123934881263,0.09267989295449619,0
0.22618143790675255,0.4020968452776618,0.21373797517878762,0.12063570017927862,0.3045950581952674,0.09287832914583041,0.038823254727994416,0.055417448540940634,0.2196964767096203,0.18786800022602704,0.10671714498893864,0.18780962238778495,0.08848877753220027,0.0404709548927377,0.140870574354117,0.056373738406249305,0.02949483446111534,0.14103105363554758,0.22764096384421045,0.030201582787347584,0.17965102983681142,0.3651386445803362,0.16220897540599521,0.08142467931002152,0.24651701385957084,0.05710587254750806,0.044112697084926086,0.12766289063823538,0.17110182090029138,0.06946111189430028,0
0.21482255498143657,0.30571541608909847,0.20420173993642735,0.11261876648549723,0.3846708828133828,0.10842878734126772,0.0711335045528835,0.11322053772378639,0.4343429084902617,0.1918697192209206,0.07727662087131344,0.13235970754651422,0.06719114396768537,0.031132065852796428,0.2248696598295065,0.04859287912371687,0.034065495968722444,0.1642361890335129,0.34189809752897443,0.051517744422900594,0.17467060524727604,0.27851824792408253,0.1563819568098751,0.07889330297734075,0.35481752771311054,0.0581255657541837,0.07249159337601355,0.21704475892524366,0.34318927679855216,0.1004852350416466,0
0.3657999286150315,0.4017586678865295,0.3576811930033129,0.21777264157562168,0.5513219156254324,0.3592415840910527,0.302951762783096,0.4037273465388925,0.4883834013383159,0.3711033389542682,0.11265594638318471,0.1745494268092115,0.09320066115387546,0.06217445927023573,0.06615197439331091,0.1975098990724999,0.06494926696075136,0.2409553130610413,0.14476250517607975,0.11100948630259083,0.3536104897377394,0.49786781291925825,0.3251651761209216,0.1966921390199977,0.433401686308095,0.3897410925676882,0.2865010781141168,0.6302390982708574,0.42046076789771447,0.35655179848529905,1
0.2872349332683975,0.324653461991043,0.2682608527737058,0.16275662144148365,0.25250537387301025,0.05677508816435097,0.001621293485874391,0.020710909339869917,0.38333284412205726,0.1063605785101846,0.10592047655820858,0.18869363339441353,0.08660401265147473,0.04885719432284727,0.19641671701995622,0.04762408810174523,0.0017471283293199731,0.0789361722022741,0.19724748872894093,0.07238477620754498,0.22411927846945565,0.27265473345204294,0.1983661454219271,0.1078697957407389,0.20425376644994755,0.03358881634684223,0.0014730338164573135,0.03817892275894782,0.1722845341161176,0.05148869779073529,0
0.20488369920909458,0.3155225895224644,0.19355978365816512,0.10629848620778704,0.2596371032761263,0.08474955168609764,0.0869020779827224,0.11083489708188127,0.2303022079581752,0.1413220498270596,0.05837386160169593,0.12877938341910164,0.05060532733785534,0.021195434215177132,0.2572999681549466,0.05230314833544942,0.052095753609169224,0.16982439407540395,0.19626252146037565,0.043226165630459286,0.15652762995682576,0.3150321154945589,0.13740678510703813,0.06918521586665005,0.3818926938711506,0.0622776099490306,0.11533504854013019,0.23920963169605042,0.1645967762589042,0.07457681130919874,0
0.09692844490848382,0.25769379019038297,0.10365567998065618,0.04538689698719373,0.4872256087109434,0.37396458522661924,0.733364464160635,0.21744506951529258,0.5308071570686644,0.6423761981662072,0.07818191677704618,0.18427355397795506,0.05314981708711224,0.020298947769107366,0.26637631871182677,0.629435752867503,0.7671699951290795,0.6292861217085578,0.4796527722850589,0.29933092176291465,0.08466687414137278,0.2833156688557513,0.07515262474395193,0.03428552637654957,0.5086839438862285,0.3970178553165246,1.0,0.6013740526987497,0.5249353946869372,0.40968124464683636,0
0.30995253233171993,0.041596546372483834,0.30488599403229677,0.17633044586785923,0.6903493747516211,0.2617015841234512,0.16112892832127013,0.3258447617155784,0.6782822038321857,0.34646133897211245,0.10812941664398826,0.14449284532565748,0.08928978355308283,0.048278229424399785,0.3972874546820394,0.19630829154920482,0.029343294708991077,0.15607175250598446,0.25099880892007204,0.18204029096081606,0.21878310926638203,0.012526762912132398,0.20394397734727485,0.10329848551210344,0.4882124289832696,0.10731461962237768,0.06820246549868195,0.25453609062468235,0.2257045607265552,0.11065183319571582,0
0.2115096586530924,0.3807913787310421,0.20744955410141067,0.10943742937452511,0.519725446828177,0.2277159236886312,0.10756740602381511,0.11098397551487987,0.39494898587887034,0.4231255371859043,0.07734902445955895,0.40085804887147913,0.06219657419404008,0.03327994575708964,0.29428503772414016,0.11121500355075424,0.0653028088975483,0.14218656493117895,0.14462176233302781,0.10644913167924103,0.18427570981280852,0.5367800633300188,0.1699284069457647,0.08353835755795648,0.5582111021314066,0.1361296536859314,0.14017533101602675,0.21054991472876972,0.23595494518762067,0.21953284280682886,0
0.30096019454071776,0.20798113188336442,0.29507320259462433,0.15970261543766523,0.49805893040564647,0.411385634192055,0.27389829558720524,0.3472661561099979,0.44545414267339195,0.4014318513693966,0.0631900559044072,0.14493479291859754,0.036658219647892676,0.011501723130047029,0.17272294599405558,0.2515850620844003,0.1005047005527237,0.2619819718731299,0.18936770405385914,0.1281107932859978,0.2703660782294269,0.29770793165075765,0.2303398578180017,0.10560876872120017,0.5443438415980122,0.4383490128972872,0.3880194360480036,0.5869411910866152,0.3867538071096943,0.3053913688343105,0
0.5735715500878968,0.5607039326030642,0.5895247834314797,0.41929999238700294,0.6217390145085049,0.4899086848972888,0.4538426336679897,0.730117893461956,0.2898985255818268,0.4692499174704009,0.14756453810828807,0.5635167080573447,0.23766671747580215,0.1126230321650942,0.1982524006271026,0.43746772041576093,0.05388869450942817,0.3491196327049671,0.31910240961052616,0.32804031107247233,0.44112400854887496,0.5517050452696604,0.4526612266209685,0.2734959720471124,0.44925063025463496,0.24683002111131291,0.19424866943721444,0.6326447634429246,0.14705291233068166,0.24262083785970595,1
0.23754015404475903,0.2008794066695854,0.22914821699334553,0.12716809945261057,0.40263602278801486,0.16032741899166225,0.09725818351622696,0.09259429259101401,0.5146460164125768,0.20471727292464081,0.04186112369163906,0.19775480869460263,0.03222906028503924,0.0174786393050382,0.14467789545024007,0.11917609051195417,0.05068158586198144,0.1331128908587672,0.16657262098068681,0.05915286047172805,0.20419740817094997,0.34328359431438615,0.1861144953342348,0.09405749260807326,0.43934492720408186,0.16785539284901974,0.18106984913067678,0.26226810178335463,0.3575791575150095,0.15873002522132335,0
0.5432813068119273,0.2979371906404134,0.5342420899386942,0.3951220094729566,0.41626788487151584,0.2635419633152064,0.3127923418164838,0.43712766552431054,0.5414142728774346,0.21609044649256637,0.21300010945896145,0.24637572494644816,0.18965265604755732,0.1378379985861497,0.1617428634418787,0.1069340581893305,0.0708583263394841,0.26899089710502694,0.2225753846583322,0.09881401563041357,0.5336169203073605,0.4173774229957097,0.506946768773513,0.34845675600414755,0.45321279085195953,0.17619916989645837,0.25215606160080783,0.5642608509052303,0.41986928933545864,0.20169204396968704,1
0.5697854781625376,0.5032123215841537,0.5404599866675398,0.3955459489152972,0.3399837736332968,0.3104716732030591,0.3439546112537941,0.4110831039942605,0.45100969053694634,0.13331876053925287,0.158609248579293,0.06705289838375193,0.10827863729898635,0.0949725896571413,0.07339264134304471,0.12142920549183324,0.09368655511572438,0.2273163407951825,0.16544693413234945,0.08437296883698862,0.5916038081351864,0.49013863475156966,0.5104327045372391,0.3533725796949755,0.35481752771311054,0.2845710343016857,0.4596632018156308,0.672165437480941,0.47131816790430003,0.24819606528401533,1
0.13280272730608475,0.3459588165391289,0.12659792221836016,0.06405068166178288,0.4493092367132339,0.10315301961889672,0.016000000000000014,0.039448891940314625,0.14646431780641356,0.3989045125102977,0.0809340564988999,0.37190651924514134,0.06478812590503771,0.024744249435819345,0.3201203579710618,0.09296466461511974,0.013403950248005328,0.09945158213644524,0.14251120126924455,0.16486987301317405,0.10636746750756967,0.3803305414176029,0.09163844001445919,0.04446056776154406,0.39906239822443096,0.0654313317529106,0.01636500578215765,0.08182198077726703,0.07273844817977049,0.2285186944618523,0
0.21860879369410538,0.10585025068762736,0.21111211860180443,0.11414584412463222,0.3358309410657853,0.17136962934524302,0.09831258463693675,0.16650074539216497,0.28282771501874004,0.33403505797890215,0.04345440431730246,0.03953754603874753,0.03383107232680435,0.016712832050898605,0.15093279468922494,0.08297574727237511,0.04275235218204284,0.13040399648414122,0.1214046601002182,0.05721811913962335,0.1824969867451173,0.136993347563203,0.1621092337970091,0.08044165450421266,0.4750049756944863,0.15310815617181522,0.15351395216306019,0.2903436825877277,0.23792621518355958,0.21330167143095768,0
0.24605931623874602,0.36557325067744567,0.2310139218422303,0.13370049872594256,0.24826214089006318,0.06441302872286829,0.05583357459724493,0.08797208974020237,0.3429288432968594,0.14342826467762898,0.029295435762150716,0.2675921354054275,0.02007249828519167,0.014714324070801265,0.11445734804193748,0.028886192945834843,0.026994809687262505,0.1287560545706164,0.09269975015237449,0.022013670441258886,0.19245783592418805,0.5549043087674235,0.1701774262648441,0.0891174606195365,0.27161094894032783,0.059502456880563076,0.09145323784163888,0.2553607933047966,0.22255069946913275,0.09012186554866745,0
0.1660751276756854,0.32397710038704947,0.1632235672222978,0.08169611602804568,0.4266497123565433,0.2036683173689846,0.07017286948400654,0.059691737429100965,0.5843425623502079,0.3127627935748848,0.08817652416582733,0.2594149467285515,0.0727982813809923,0.03049702275755186,0.1999521303524186,0.14974351180356796,0.07272703711580518,0.16317535345601436,0.27041690123807177,0.08831137963219438,0.12842363354694056,0.3009062122718702,0.11858122581768037,0.0534803276096335,0.335006423169246,0.11769579865028032,0.06379352864917467,0.11006878169435626,0.24857075608033866,0.13433014226532267,0
0.20630355957475907,0.39059866852652114,0.1982588881668539,0.10731653796721037,0.3156089267870905,0.1422304406354637,0.12026654214335747,0.09438361950092473,0.2156563300016199,0.3228724464152414,0.044504607820591756,0.1383267925089578,0.039579586159591486,0.01794553277685635,0.25155489597282554,0.10002447868471451,0.0616916958807562,0.12189861048773189,0.10972567940408783,0.05466156196264169,0.1807182636774261,0.45655652441711314,0.16723906524038398,0.08181788923234506,0.6519848497641823,0.18658034892436104,0.2492008291647365,0.28446730893032607,0.2491621126882518,0.21828658483853736,0
0.267357054936404,0.373689653517263,0.26508221963632944,0.14290505995608344,0.4215942722703074,0.3113917899023672,0.2495308895633902,0.29925422212107944,0.34090863148683764,0.43681504150272277,0.08361379263250812,0.31886549309769296,0.09206981175215302,0.025547357187525484,0.3806300421334553,0.28665884783403983,0.12881275312207718,0.4347415469778576,0.19077483006174076,0.1726086555083541,0.1921020913106498,0.3584755419336132,0.19219053324943436,0.08410368427901953,0.37991161357248837,0.19181940439536618,0.17699634407670442,0.37972491839938555,0.1302972393195436,0.1955920850772455,0
0.5527464866253256,0.2505919195239626,0.5363141624645908,0.3959698883576377,0.47639241398311594,0.27795818328789446,0.34137716553817415,0.430665607239079,0.45757527507750073,0.25631799026299434,0.21774400059449273,0.2698021172032825,0.19497656428625865,0.15627294108050788,0.21718704069634515,0.14088115195076284,0.08439365423476618,0.3032776499850389,0.1768444756689356,0.12697064520935777,0.5094266304674887,0.34328359431438615,0.47308148019225366,0.3351855712948361,0.5225516567554853,0.19579727644218656,0.2613413605900134,0.575257338408195,0.26197503838512937,0.19362435984158782,1
0.3023798881190728,0.22590482451866084,0.2923781649900343,0.1739124983020031,0.1671937908119151,0.16523514003430997,0.18959652579967315,0.13916481363267305,0.18282702273863238,0.17417804980326732,0.018974962015731973,0.17233932309477917,0.021957167898788193,0.014676938606269875,0.1429782677924029,0.2286782586240289,0.12517640888901085,0.19662872624925196,0.05907012017810366,0.10990398512468769,0.22518651231007036,0.2859809027066784,0.20708165423801428,0.10983598528471336,0.20689390010011702,0.21908218605126856,0.26421677592222914,0.3085221535785681,0.09520975537178393,0.1393150556729023,0
0.27398301438040185,0.4315185692114576,0.2621106258364272,0.1538913610396667,0.3423308832958569,0.11726255562413232,0.11037908008405325,0.1343935323488628,0.2651510347510768,0.22514699190763823,0.04533750013807898,0.22538034924222752,0.03298300434418107,0.024408035155931367,0.1966887268510958,0.07336234909294366,0.058888667829894346,0.16897196196140038,0.1208418050444096,0.05991289824507516,0.2333686384214499,0.5690298843645619,0.2073306735570937,0.11512011093837239,0.4670805037212164,0.12128548509461927,0.17388131080013733,0.32065280491523696,0.2491621126882518,0.16810941955416664,1
0.37715864475303806,0.265810047577559,0.36666465168528006,0.2267652226353807,0.5784052198621901,0.3408377921735003,0.3605900537006771,0.42862788055982515,0.453029902346968,0.2569498249777691,0.42893351824198866,0.241292657086462,0.36102335950003805,0.17762174066722858,0.2817075685076918,0.24445019798144996,0.16608543396548583,0.5305931141532018,0.61628266746072,0.06882629288239345,0.3778012953987039,0.25079965206166566,0.353553043792591,0.19322671420635265,0.46179752240570304,0.18347562734792752,0.26797067929521,0.5728518991201815,0.36447848054645304,0.10776577458131302,1
0.13048271583111784,0.07642954492232103,0.120586561081642,0.06150555226322457,0.3599349675663116,0.06637637632773,0.0,0.0,0.4257571121396855,0.3003365125816746,0.031613053533465836,0.030012203849394015,0.02172157228869749,0.010194251475026506,0.14709148512264428,0.025565430717252334,0.0,0.0,0.20948932448087992,0.0803308001788109,0.09569512910142246,0.05543751935038401,0.08028195413224799,0.03875860409078251,0.34491197544117824,0.04341633859920407,0.0,0.0,0.3035677742966588,0.17361913550923025,0
0.2105629738844431,0.25701728995547696,0.20641301409311566,0.10795274567962418,0.5106977210715496,0.23151934269973254,0.04758627130515994,0.09249497125466954,0.29545407344538116,0.32982262827776343,0.06257447477272203,0.34207109443292333,0.05559999237862966,0.02722842858696538,0.16830376098246072,0.11339293399901007,0.029242293616654733,0.18033772348144825,0.21019280606334126,0.09090249229129357,0.17253613756604655,0.3928571077544053,0.1606151178825325,0.07810674320033696,0.4631183431238918,0.147383983184221,0.06156498178703664,0.21999999999999997,0.20086721733117557,0.1700116214740199,0
0.22807447386943222,0.2323301949501752,0.24324536260429627,0.12237489681403538,0.5097949865859496,0.46199577847866485,0.3887062339481672,0.36853847207141877,0.8171715927011524,0.5002096697923822,0.07539362547160244,0.23554648496219976,0.07180874171175976,0.03346678811278175,0.12625318450534018,0.2559410574791796,0.11739863873395702,0.3491196327049671,0.6810092541327217,0.12921629446390095,0.20668762046571765,0.3827292191208823,0.2067827641144418,0.09990680505043861,0.4446279085195952,0.3705311716244415,0.35974385208340975,0.6408940490846049,0.8296858821994222,0.31457351796589855,1
0.3530212687177058,0.18498492383372434,0.3467628148618311,0.21064643301234348,0.4249345168339032,0.25372661842533695,0.19885144057903342,0.27495000183214113,0.3353530836232833,0.22851672748577667,0.046749721582595834,0.08380508952943858,0.06422271549424585,0.026892214307077403,0.13573749877519026,0.1556017183498676,0.07863609649453794,0.2828192792489527,0.09368471742093974,0.056423525884158686,0.28174997463879625,0.20868879340424237,0.28980490139638254,0.14296623012435786,0.39906239822443096,0.23887442966635575,0.24784293860248416,0.5494841937633412,0.22195934286121963,0.14292256970811265,0
0.1973110549964474,0.1139665080748034,0.18713316844068986,0.10112358879665385,0.40543461396356306,0.09738657698768693,0.04643810413261733,0.08876723900184949,0.38888839198561165,0.2335715539059549,0.04113678654598733,0.09310939696403338,0.03166364987424738,0.016208553114549055,0.24835946941241793,0.050568120682605584,0.030201842107469738,0.15593920650059845,0.22510817425127136,0.02501935746914918,0.1444323130965256,0.11407266407078019,0.12869127629095095,0.06281969296042292,0.41557166206289275,0.06056031225814724,0.05683660988932252,0.18920974463807724,0.25507577633085726,0.08316923875198876,0
0.5063646037300313,0.37301329873499833,0.5086736552937758,0.3479106801391834,0.5314617569422313,0.45126054367881446,0.43462993229045066,0.5238573707038701,0.4601005744540333,0.24641910760967517,0.2534125588592971,0.22980043475451487,0.22536868378934527,0.16269814296201635,0.24897136394813338,0.3551534356237491,0.13146424142081478,0.3487409298324357,0.13927481377744486,0.14072080176031843,0.44610443313841025,0.34888065092644305,0.4108268177740886,0.274479136785278,0.4664202441407428,0.312901103497334,0.28618164306591,0.5206182446550186,0.1770155089337654,0.146530083743323,1
0.5967616575989967,0.2854244817158757,0.6005803146393435,0.4540824323376229,0.5359754293702316,0.4515667092706618,0.5876292318468364,0.6391646207757092,0.4883834013383159,0.22872743819202185,0.22628983327090493,0.1520069297382573,0.19012375200060969,0.16859994834008538,0.07968142698500832,0.15409950719834725,0.10174209733151303,0.2468276621409336,0.12632949644304453,0.08371650609337476,0.668801592855534,0.38299574250597507,0.6200012049321891,0.5030470270671158,0.4796275466509053,0.3466642446408863,0.5439294010217922,0.7721643080606724,0.40961902682873585,0.24393260729724323,1
0.18074623978010762,0.0,0.17262127249432865,0.09081603864417,0.3909902781463344,0.11649584570550109,0.059301237450385264,0.08439343592038093,0.1621209247200765,0.29570295887200626,0.02219787569277984,0.0102105133541323,0.01738672738358356,0.008737407895810104,0.20722678577261,0.05680937829520753,0.02775235599340482,0.10123171940454818,0.06554254621250541,0.042327905928642016,0.13055810122817002,0.0,0.1157923098550065,0.05623307693061174,0.47830687671133737,0.09547808804470773,0.08362566278190103,0.15817982629516267,0.10348923569993868,0.14397205633749427,0
0.4637694599093344,0.30740630304476013,0.45269881569469006,0.31507925727003894,0.32517829323507785,0.22219473751565252,0.19732848937660522,0.3268387465068782,0.42070665184264194,0.11331090907468706,0.17653430835493225,0.22781136579484124,0.15888413611767394,0.11307131787161151,0.14991303850801843,0.16859470830015705,0.06631289604815122,0.30384593806104127,0.1833171575994156,0.08976243563127288,0.43116298742944,0.3805970320401406,0.39987013508628655,0.26415660669632296,0.30132760575612466,0.17910972234730932,0.1851433541846491,0.5065289526885849,0.24541677286857347,0.11307871919746675,1
0.37810532952168735,0.2448429038747129,0.36231111648439474,0.23007381621628073,0.41455256238200017,0.18241200169120042,0.0609647443380808,0.18792233264354824,0.3636359105075659,0.137741603542676,0.05786683564184628,0.18935664622125664,0.053526693849554136,0.03264490266184507,0.11445734804193748,0.08597990057888052,0.01837358512715085,0.17187020777229206,0.07905083491911356,0.028025044497039475,0.29099936897886336,0.29264398733399616,0.2698835901623981,0.14955284615416908,0.33302534287058366,0.13234579811600994,0.05309853663088506,0.2915806236658723,0.16538533303901687,0.06060580931542292,0
0.17412028033610977,0.18397039166032736,0.1637760079524599,0.08742258253757611,0.3185880775564463,0.07251102763103967,0.0,0.0,0.4383833321103051,0.20619150435845504,0.07944933104507201,0.34582734418147043,0.06587178949775167,0.028349057886293803,0.23795736437273413,0.05946800555208846,0.0,0.0,0.34851068482443204,0.0037032872502155184,0.12842363354694056,0.19136444574766603,0.11350126517879856,0.05483207417534363,0.24057332062772158,0.03940931065380957,0.0,0.0,0.2257045607265552,0.043289694560178754,0
0.13834006598105963,0.2823808851956847,0.14380586326000483,0.06740189309859428,0.40046937114576175,0.3374638149528683,0.3062318935325707,0.18469159278637812,0.30757520584949,0.6571185125043495,0.11573398258899567,0.42008551228736224,0.11190677158753141,0.038621818836836234,0.37893061861057586,0.6446058124771351,0.3022722577822295,0.4659973911579892,0.4350477595135184,0.5881873272797248,0.11846347212932665,0.3296909016746579,0.11285361412716051,0.050383624555889676,0.3891568459524987,0.2597337196362687,0.27843405174281227,0.3405498017867428,0.2067809053646496,0.4011540917421194,0
0.28534173051840833,0.42306398898050784,0.2641146927405258,0.16241732061315972,0.08919423011730471,0.0,0.003735699276208269,0.009205062881013047,0.16919187373918484,0.050125950577409775,0.022306531285680865,0.17278139260429656,0.01620874933313008,0.014079280975556697,0.05795901786589149,0.0,0.004027847335133821,0.03508261333034111,0.11605759522823603,0.0025386395195873884,0.21593715235807612,0.4530917204109079,0.18810664988687026,0.10410953345152951,0.06656574550981272,0.0068203431847705534,0.0063703713578239065,0.031818027806327004,0.1438990510732592,0.022234805900060054,0
0.6677546758822215,0.5701728995547695,0.6835051944540995,0.4952284421568963,0.5549341232365889,0.8092134784137059,0.582707448050432,0.7435388095711053,0.6742420571241853,0.5058975205431787,0.1876876744188382,0.08899861380851538,0.17231289535858546,0.13944429905652683,0.08634428993696312,0.3405092642406765,0.09777744237792399,0.2968371297127469,0.14208897274008866,0.15201806758065,0.6670220100860217,0.5719621330389071,0.6279688190325734,0.46790161635865224,0.5146271847822154,0.7093263766239911,0.5415332215782791,0.9975943348279328,0.49931034819184394,0.48117522600272233,1
0.525296631229923,0.41021310266483785,0.5086736552937758,0.3734891559574687,0.19030430151077884,0.20563134098909305,0.25843436843334117,0.28717674762159145,0.35858531175450087,0.07245057889680975,0.1900051917690878,0.20880505905029426,0.16750685923329015,0.1299186526278583,0.12975460936734493,0.38083991478189755,0.15429247019705505,0.27353720171304613,0.19021197500593215,0.1430701174612142,0.42084639363683096,0.33795312661253196,0.3919016842274376,0.2562919884527819,0.11259393508075706,0.16397445271630698,0.20247556330212857,0.3154981308094555,0.1584860100075734,0.06913296222013986,1
0.32320443454098463,0.47480542072903775,0.3301087922033653,0.19270361408374592,0.7192381479595787,0.48285391689467094,0.3650416997431707,0.4560623622278065,0.6015152626995325,0.5107407440452292,0.16414967960659044,0.3469331275381507,0.14851802454081242,0.08576446477609505,0.2417306969983996,0.21651127633476078,0.07858558832564581,0.2445543929533214,0.17023109742196332,0.12475964285355148,0.4009246952786895,0.7950423701742804,0.3889134523984845,0.23785897896956612,1.0,0.4789031886783524,0.3710857125717771,0.6917518437785883,0.5651486196597718,0.35130495766632275,1
0.20535687480610976,0.5874192192393118,0.19328339537796851,0.10697723713888645,0.14624933501098897,0.05751215347805732,0.038261031986925056,0.015532699862492994,0.4085853809825116,0.13310804983300767,0.0034404257049810037,0.11768497487908923,0.014229765261794062,0.0033675806846298114,0.06594783943560767,0.1067838236243517,0.04123718334251872,0.05919686938958706,0.1053635818006709,0.039978681644365584,0.14763401461836975,0.5791584282491854,0.14647105485119088,0.06564618663338143,0.1377543635332859,0.11245659053059155,0.08698031400281943,0.07158039778181861,0.25310455511665547,0.10383034780311494,0
0.3336166660551132,0.39026049113538874,0.31787743539885716,0.19507901843091652,0.34368511199113266,0.15357946455039825,0.0342544945131917,0.09423454106792613,0.23080757243672906,0.1767053886623662,0.05337660811783811,0.25256384466365045,0.0428779247008612,0.02851712254275537,0.1929493826958879,0.08695622350384125,0.01843929300759909,0.1901880890933573,0.06680899916717457,0.0701391269530018,0.2632511859586621,0.4866738307453644,0.2383581794813436,0.13033341682630617,0.37991161357248837,0.12031525006144109,0.04976821379652804,0.27364249330818485,0.1302972393195436,0.1385936002520948,0
0.3203647304883866,0.4754817755113024,0.30923952923318204,0.18939509514007166,0.2509703443468633,0.14934644175645095,0.11005108568760218,0.11650084182064688,0.36010057445403326,0.09119595054766941,0.11703763881957048,0.15399599869793096,0.09762982051672889,0.061875615160825466,0.08967567037920109,0.18339027093331034,0.08512597694735824,0.19075637716935967,0.25465730862462843,0.07573592663999129,0.2518673583254384,0.38166312558051146,0.23701350862865328,0.12799864545478715,0.1486496266721349,0.11342682556376973,0.10854592899443781,0.20982821517714956,0.21643993321780194,0.05358790798067116,0
0.5877701537445419,0.4663511314033707,0.5895247834314797,0.4290565705388956,0.45201756713690966,0.4184404021946727,0.4800840532337147,0.44165016132485024,0.4636359105075659,0.2114568927828981,0.1494837855126546,0.31864360492689275,0.15454919594543098,0.10012762038119578,0.30244431198353855,0.2273262820374873,0.09886329940458904,0.2953216169210054,0.19668463367313233,0.1055163347786301,0.48808195365519413,0.4933369153726822,0.4705912870014593,0.3027429540560094,0.49613690095653956,0.26148017322572614,0.27619767313979493,0.5374567714392202,0.26710021842022785,0.13839682891318486,1
0.29433423509671996,0.2610755641017063,0.2787647828269853,0.16886478272357205,0.1762211356679156,0.07931956722116656,0.1015927153864114,0.05492045614529071,0.2156563300016199,0.13458242996880232,0.018649095658094403,0.2742222027155698,0.005465665726697647,0.012622352429375452,0.15460416190351764,0.100925617078052,0.07775225689799348,0.1019704237731897,0.16516556476264477,0.04681920443772837,0.21380268467684665,0.4211087503870076,0.18860468852502915,0.10243832131547609,0.25708267493335585,0.11983013254485199,0.18354584567804547,0.17079048124597643,0.23694058018559014,0.11111088734278136,0
0.6033881174049228,0.34190068784554095,0.6005803146393435,0.4506894240543836,0.4836145438016676,0.5076986876997568,0.5663077282278777,0.484094121912601,0.33989845635381605,0.35825578525054796,0.2370449293889278,0.09277778387360663,0.15822441124914258,0.16064364175208679,0.23010480288728483,0.36288977597968536,0.1717163401472863,0.37336713607121486,0.09551390911501831,0.21987068205025534,0.6172177641906681,0.36167382255472574,0.5447983746803583,0.4295615499467557,0.6592478559280123,0.5512800355366135,0.6780337997940419,0.8615104866671937,0.23339231858376863,0.4897023789074393,1
0.4907466400696504,0.4514711807409067,0.46444649300885416,0.3349308187554391,0.30685202137614315,0.13348852203015327,0.06773607284613589,0.1410038976392379,0.2545448881344574,0.06550024833230729,0.1047254739121135,0.21145711035766665,0.08575594466885143,0.07024324342695559,0.13641737025182088,0.06615230045837008,0.03146447010253326,0.14531214934919212,0.08763417096649621,0.023602856952188195,0.42404809515867514,0.5183901135713969,0.3874193364840079,0.2538342165397247,0.3488742868171237,0.11769579865028032,0.0967248326173678,0.282989575450921,0.17484716071996967,0.06631229660939646,1
0.40839540601034746,0.32702072263781273,0.38843232768970626,0.26091158922059327,0.232643945521053,0.11281505492351529,0.09861704412794772,0.1415008900348878,0.24595909178388123,0.09414471081925871,0.042838823185617304,0.1411335559530036,0.03661115768615195,0.02872257266374833,0.037835393735506415,0.05146939357421075,0.03310587125066795,0.0980115761520048,0.03163108160293302,0.015553166534569654,0.3550334681918923,0.5237207450860263,0.3261612533972394,0.19745393076986584,0.24585660350047647,0.14883933573398828,0.18051062950533395,0.29443286161213444,0.22038235125533703,0.08690789419127692,1
0.2787157710744105,0.21981748602563747,0.2666715362050176,0.1563939472195394,0.3757334558986906,0.13131085851099847,0.0913772589306561,0.0802682254652192,0.4797974665317182,0.1628048762353417,0.04454075940418174,0.18979865477248536,0.03717656809694382,0.021363583838603546,0.129346645654375,0.1466641739654393,0.06537857877361043,0.1199096022217235,0.25395371072576783,0.04360618451713286,0.2123795342823295,0.3097014839799296,0.19353520410212469,0.101332295968129,0.3594400986695294,0.14893642029677956,0.159104981986996,0.19862549553314282,0.40193102506283696,0.10219054715700364,0
0.20393701444044526,0.11261379851027405,0.19653120954295183,0.10371096286499469,0.41265681996224,0.17391550153649768,0.07649908942330144,0.13692825142376652,0.35808036264401155,0.2683230580264868,0.028571199037564516,0.03737230762478467,0.01917717780656961,0.011893930639767255,0.1617768519123363,0.06735404247993283,0.032373556160799837,0.16762698234590068,0.12717372086855783,0.06640795763388192,0.15617188534328752,0.11087503870076809,0.13875162331142143,0.0669241888471113,0.4267980350530138,0.11973320063074434,0.10183662655260098,0.30068713929140173,0.23023845732634618,0.16515784947051806,0
0.2252347531381032,0.14575663736765626,0.21042114790131294,0.12038118723942277,0.23020618150930602,0.07367575281907233,0.05260032687368667,0.13732592248307196,0.5257576659637716,0.23525649604601434,0.16309957652436669,0.20062785818176054,0.13947117216675556,0.057953290260746616,0.21487541643531372,0.09138740343024379,0.03823215310698417,0.34968768701376424,0.3001067784544808,0.03835493965131874,0.1913906020835733,0.1663109199234011,0.17077503916029615,0.08565203580589144,0.214158414050155,0.055990010670142976,0.05379339534294694,0.28487977321241004,0.3027793394708889,0.07765952279692512,0
0.23470043331343005,0.373689653517263,0.23550581909832938,0.1261924416374213,0.30170618087447165,0.2506593251721574,0.15402941863180014,0.18841932503919817,0.26666615899458773,0.3727881323923472,0.05891703914513557,0.2275903310400825,0.11501657648045117,0.028218293727398782,0.17017343306006466,0.370324840216058,0.11078249548163038,0.30933946738479956,0.1525016167979491,0.2459884102009977,0.18890038978880563,0.406983010977094,0.20812760231882507,0.08869962260243398,0.2669883779839089,0.24644198815751509,0.18889725755762996,0.3969070148292881,0.17740978732382173,0.29365059996896203,0
0.2796624558430598,0.11531921763933271,0.26328552789993603,0.15796341880290846,0.15274876937355814,0.05493485476573471,0.05295166939061406,0.0582007602421512,0.13989873326585908,0.12320910769889634,0.015100215202343436,0.02404560655325987,0.016868378934532417,0.010978751461431794,0.10259343257014077,0.08410230476231463,0.04171695758792622,0.11185889343955716,0.11690181965374936,0.04098051637591611,0.20241868510325878,0.09381721442928445,0.18422191503889254,0.09629403146518972,0.16502720046319194,0.0848058079771149,0.09472790532591707,0.18439864017799662,0.14665875589496807,0.09254875155041838,0
0.2077232531531141,0.310449885019687,0.19611662712265693,0.10710441897158858,0.31145609421957904,0.0941661685401085,0.05620845201961243,0.10800182828401658,0.4813127292312506,0.20197922335929672,0.05580278106098874,0.35665719374860555,0.056400998399512216,0.019962733489219384,0.16402049923245257,0.0878574963954464,0.03474734862604212,0.187990677363854,0.3697582014693087,0.07024279339935442,0.15759486379744048,0.3763326742599347,0.14383141659861032,0.06736651502663611,0.2683090479234768,0.06771083454561828,0.060135272494592766,0.21316158615782516,0.33550151894133873,0.09773043629690795,0
0.22618143790675255,0.28508630432474336,0.21567302897039486,0.12199305276702585,0.42475396993678316,0.12195563676773372,0.06290954938127481,0.17470160206279808,0.2823227659082507,0.27190350431087046,0.19319185344148015,0.38560872337494345,0.15930817010898557,0.07902182631392914,0.13199815461998238,0.05856673266048331,0.032121091543578735,0.27126404940903653,0.11071064667265308,0.06436964127204398,0.1931693251512645,0.30303839935261184,0.1727671937129316,0.0905429515372269,0.28085609085316576,0.05088696517625578,0.04888172738209897,0.2460480455382252,0.08141184103495336,0.09254875155041838,1
0.5939229375915245,0.3107880624108193,0.5922886662334457,0.45535574340915974,0.5630587336069892,0.44420577567619673,0.5147606817651179,0.5278321527272867,0.36969647670962036,0.32771656212917444,0.3619406170071109,0.17698044336182522,0.305329243197927,0.23570940618287609,0.14763540271744455,0.22364627493597877,0.14237335034725318,0.3282824422127469,0.15419006564897572,0.13446763074633442,0.6403420237724747,0.3789979081108618,0.6010754019787664,0.45905369344458896,0.517268675439972,0.3728596746445957,0.48889725755762997,0.680412464282084,0.27656208268748345,0.2902398572726616,1
0.1660751276756854,0.30098078716060445,0.159421969006228,0.08093257720847818,0.4890312046490191,0.14538977795704933,0.05381853840765819,0.08846908213585228,0.21313089216906583,0.3378260662675506,0.013398278983778999,0.26582410120051253,0.013098849173081304,0.006122549552733893,0.24346441519417317,0.053399578213432594,0.04565638132524105,0.1742570878216637,0.1411040054715234,0.08368195061125723,0.11134857985856185,0.3336887524510486,0.10134985875517116,0.0467462228758618,0.4631183431238918,0.07481266190301006,0.0672758205831481,0.22432997142566719,0.1277349785787197,0.15335156913592385,0
0.21860879369410538,0.4998305476728304,0.210351966873706,0.11609701048055923,0.19960335548058866,0.11502349699423144,0.04625075881391549,0.06525836083152209,0.44191866816383774,0.18576193407743805,0.05058821639132886,0.3151080241833723,0.056730813200213386,0.02130750564180646,0.14987905003756083,0.15860587165637305,0.04030286606797793,0.1325635379263914,0.3385202692957275,0.045471814885002466,0.1604408207057464,0.5223881281605627,0.15429022799994646,0.07159387152250601,0.16033798535638036,0.1055681660329202,0.057819076787719845,0.1654645870274788,0.33096774429589054,0.08139817823621329,0
0.30853267196605544,0.10145467186611376,0.2895449332453458,0.1792996639832096,0.19075503391920082,0.05140828072630903,0.006460891898202217,0.021962551034774035,0.1540392467438605,0.07139776887548589,0.04088332377659528,0.07209183244273273,0.03543317963569849,0.02537929253106392,0.055239940229284384,0.011221190471066718,0.005126205629076728,0.06141415133153801,0.09734310080909687,0.023188282583397102,0.2504443798712854,0.1311304883422638,0.2244629684173885,0.1262044327771955,0.12586697706958735,0.030145062044057442,0.011014427066496487,0.07594447769959682,0.13837915361247058,0.04512591114844093,0
0.22334171717542356,0.3178898458056549,0.21104293757419745,0.11673321819297304,0.3205740934247664,0.10168067090762709,0.03708951669390616,0.05705750416088898,0.4424237557303486,0.23841566961988803,0.017598892154805104,0.2364305020646572,0.016585721362701,0.008363893118355583,0.14790731048110528,0.051506918590888524,0.026312957029942824,0.14468705584231,0.21962036653623723,0.026470413468227705,0.16648847913589648,0.38726011666745835,0.15194947987093838,0.07321596740135818,0.33764791382700265,0.07898455042672939,0.06321831227650378,0.1972853254424504,0.3788683612629104,0.09536906176440275,0
0.2782425954773953,0.1220827654619794,0.26971214311741126,0.15325500405280135,0.5486137121686323,0.21152057384179498,0.08903422834461827,0.16898590022737836,0.2439388799738595,0.31170983485158055,0.039724565101470474,0.15068096504285977,0.04038059218047404,0.018244361592212946,0.14267226949080578,0.13449732617443885,0.048030097563243834,0.19151413356523042,0.058225663119791916,0.07642685344910334,0.21736013081222907,0.24147133358342077,0.21111566679608532,0.10182387833721179,0.5516079032121878,0.18997601889180105,0.14305057971545787,0.3969070148292881,0.16104863661142543,0.19998668446809545,0
0.6322590006771565,0.39905310330482946,0.6365141493672118,0.47529134641077037,0.5811134233189904,0.5156735724016829,0.6009843567592809,0.747513591594522,0.7621214785441626,0.352569124115595,0.16610517901561248,0.14648179236875375,0.15337121789497749,0.11628391881236574,0.1282248219943169,0.16566564537648754,0.08055528220467471,0.25932999981298627,0.2785780087562985,0.08464932127730956,0.617929597298473,0.5287843617772374,0.6010754019787664,0.43079015603857096,0.5813239569135012,0.4093396570594673,0.4268365432362086,0.9226798884132773,0.7871079625209915,0.31063809118770047,1
0.2020439784777656,0.17145811909371367,0.1906573708858698,0.10455943884748181,0.2747134040200252,0.07729628243694853,0.002280644408125156,0.014616629284558525,0.36010057445403326,0.22851672748577667,0.03726214015366433,0.1405367743068128,0.03637556207606127,0.01544274586040947,0.13271201456707057,0.036591598700208734,0.0024590907462418033,0.055711400359066424,0.12829943098017504,0.03921864387101847,0.1718246483389701,0.2675906253225063,0.15772662766256543,0.07557536686765617,0.30000678503793593,0.06854521225036214,0.004407437154445277,0.05728645486271899,0.2464024078665429,0.12554094348362274,0
0.4770215455846396,0.3818059109044391,0.4699747623581327,0.32878011425466513,0.5350726948846315,0.2644621448114652,0.35332654681298153,0.49373697010138484,0.3368682078667942,0.2264106613371877,0.2551508475035825,0.3909120944902241,0.25062399969514515,0.15010943745071917,0.16119894584707842,0.11804939852374699,0.11368652462482859,0.3303661261968881,0.1464510703435056,0.09805395957374258,0.4646031530423988,0.5631670251436228,0.4621249648561445,0.28922548839890794,0.4868916082650809,0.17270641536622705,0.31309850330432815,0.6278356919393275,0.208554975188389,0.137412853753049,1
0.2843952125370685,0.15285763531822855,0.2784192135191818,0.1572848171462606,0.3790737004622864,0.24621174347535205,0.08758160168106469,0.10427428888816032,0.2989894094989138,0.47219867774199015,0.025312133776926662,0.062101866177049686,0.007769796509412384,0.01420996016748688,0.11959042362086421,0.15620252211151517,0.07861084241009188,0.13856843301166966,0.11971609493279237,0.1660445765719316,0.20597613123864114,0.13033108199976076,0.18412234078159934,0.09604817031446998,0.2841579918700168,0.16513870422638408,0.11581428442883282,0.2010309348211563,0.17090474268243455,0.3007999981045506,0
0.14525006421311415,0.2644573380130296,0.14249276705639766,0.0709644771587698,0.43396224259053057,0.16526575659349474,0.05883259397618492,0.08822048950954545,0.4191913891431095,0.281170581989811,0.05446296320471739,0.36571803377820694,0.048108090084597196,0.018767333260828183,0.20702285494986444,0.09191315715853578,0.04267658230598072,0.1523589448683423,0.1845835523958852,0.06506056808115603,0.11490602599394423,0.39498945864792206,0.10742472520852021,0.04885990112379675,0.4558542815097162,0.1095460380797406,0.08426469951109943,0.2233333709806756,0.26197503838512937,0.14167631173982118,0
0.7822891891801736,0.4923906450679191,0.7691939570708215,0.6801690383889106,0.4899339391346192,0.3340898377322364,0.5407686201260798,0.7007939921198644,0.37222172070374426,0.10741338853150846,0.32500474489534625,0.12471297789774369,0.2688123999695145,0.2937970716985236,0.1556580086226606,0.13111765370462025,0.09045421525200345,0.24644872550119687,0.09720247428244413,0.0768068723357769,0.8089639389474155,0.4986673830745364,0.7569601569089474,0.668698950927122,0.5304761287287553,0.2333441968313186,0.3849034029747285,0.7178685580691431,0.20264128715491497,0.146530083743323,1
0.3520747007001731,0.2309774853856459,0.3480066796632966,0.21111303509293078,0.4051637809211955,0.28992067233316,0.187604949801541,0.2098904765302718,0.43030262332623975,0.29823044643308566,0.08603996557565875,0.09070044731192234,0.09046778065696211,0.04732566478153294,0.09735828951236242,0.21238056553831583,0.09696935741199374,0.2354617837372831,0.15264224332460186,0.08561669194336191,0.31092110172507764,0.2529318391424073,0.3037498493834764,0.16636373177206137,0.38453418452890725,0.30057945440307493,0.2999196829977905,0.4859102562654589,0.2933173898355934,0.2138263555128553,0
0.19305147389945396,0.1775453121340957,0.1914175226139682,0.09773013269005995,0.4574342279842612,0.2195876322060284,0.1264521130049031,0.16605351009316918,0.36161569869754423,0.40248495879468127,0.017598892154805104,0.10217048082678945,0.028176872951756714,0.00746732170532097,0.19386717346572166,0.12405783963502548,0.06964623700420851,0.19132466524536207,0.21947974000958448,0.06986277451268086,0.1419421008017579,0.21002141032970595,0.14617216472761838,0.06262308799926115,0.4664202441407428,0.18793861691133704,0.18362566278190104,0.3694157508950655,0.3422036418005827,0.2345530944988136,0
0.4150213654543453,0.321609840743903,0.4374961169629528,0.26091158922059327,0.6470155801053064,0.6656639338552729,0.6827550782162036,0.6172965696531852,0.6641416903541845,0.5490731405560859,0.1480714636470722,0.2130041098078229,0.1281627734166603,0.08296276407732672,0.258897630401411,0.4756961630334201,0.2513379786213084,0.4324693297426691,0.6690496019652818,0.2223233899476457,0.33546751444728906,0.32382738720261833,0.3435924383811067,0.17943884326316656,0.5535891342894708,0.46308878505386203,0.5488817273820991,0.7336759241481348,0.5282867000252445,0.32769239699713437,1
0.3037997484847373,0.2448429038747129,0.28809364290164036,0.173446015640977,0.24140085093200037,0.11526891544483917,0.05110063039925287,0.07321062487584833,0.2979792343658922,0.14848294239582682,0.01698331102311995,0.05573782083871289,0.013146006401951058,0.011987309334130884,0.09113748081131398,0.07696730616109662,0.03664121439139791,0.10388380834829443,0.07074886824143561,0.040738719417712704,0.24190650914636766,0.2579957834591688,0.21589690466308759,0.11755325475665063,0.33104426257192143,0.1361296536859314,0.10894518114650022,0.2401030031284941,0.23181544893222877,0.13629785565442168,0
0.6369907566473083,0.40818403831804384,0.6220029250813128,0.48759305396122143,0.35090724180968424,0.28746681181183614,0.22959178146159234,0.3869281549952846,0.28181767834173993,0.11815413257673767,0.16896597433036722,0.12301114439433672,0.1630776998704367,0.12259696430028004,0.15280246676682888,0.12623590458154896,0.059974524856559394,0.2767575787327948,0.09241826446627056,0.034934678254637336,0.5827110524985514,0.3824626957357896,0.5517702462078106,0.39195892705466173,0.4063264749164686,0.20404396892683394,0.2158142161093911,0.6065287268045312,0.20579527036668016,0.08074235275023783,1
0.24747917660441054,0.28102817563115534,0.2385462580956075,0.13357316761878887,0.3582196450767959,0.16063423255301607,0.10290487975717956,0.10074539216499298,0.32070651338662043,0.19376522336524477,0.0511313939347685,0.09246848151683729,0.05263146863806111,0.02197993420158242,0.140054748995656,0.08733174266715442,0.05050481489358297,0.134249467010772,0.16178843442779312,0.0368002172058876,0.22625374615068508,0.32036258319641314,0.21634507249675336,0.10799279628227715,0.433401686308095,0.1840578294273079,0.192731144667251,0.30340203973300506,0.32584249108818647,0.12895168617992317,0
0.6970975672403039,0.25498822560868295,0.6710660426940972,0.5949094426539803,0.37203211754085475,0.20317764246014583,0.273664067242587,0.42072537361215306,0.33181760911372915,0.012214380671121761,0.3967043814715101,0.15266991208595607,0.32870017529151735,0.40586340030995943,0.13104637537969102,0.06660300415330649,0.05292906979137366,0.22674805271918014,0.06680899916717457,0.031376194929485804,0.8118112713786351,0.38432835943143856,0.7425160322921828,0.7269457944029857,0.43009978529124393,0.131472647645623,0.2285139021732248,0.6254300267672603,0.1862802583968614,0.06493454184026812,1
0.388517527678354,0.11836354142273046,0.3721929210345586,0.24106002773519308,0.24374846846206294,0.15324203442985973,0.07949810880224142,0.13205745594664803,0.33383782092375086,0.11541652911733478,0.02418952668539186,0.01155891069976456,0.02737586693087416,0.020392326463471,0.11214572378090604,0.09461684133508358,0.03916647038152496,0.17342359085128664,0.1208418050444096,0.0301324718231125,0.2942010705007075,0.09888066730772062,0.2693855682594085,0.15579550845121468,0.2735920292389902,0.14204784315042457,0.10878554693878911,0.28103093482115626,0.18174636179707043,0.08277569607416894,0
0.6810059276209791,0.18227950470466567,0.6738316046472187,0.5270418132666175,0.428545581743179,0.4052509828887453,0.4526714919448985,0.6237572779396705,0.46111061113103335,0.24999955389405876,0.08325167427021501,0.2096890761527517,0.07774569392576783,0.060250652546289994,0.09222521393343568,0.18399110159461143,0.08679263980266291,0.2544047585652304,0.12478167411867065,0.11995743642202666,0.525080081224628,0.26172711085046674,0.5064497342455115,0.3317446346436133,0.31717639892404376,0.2490615922173595,0.32140531425276864,0.6756011339379496,0.22964710071843306,0.20739841279807425,1
0.3175250097570576,0.2150830025497848,0.304402230584395,0.18477161755288418,0.27435231022578516,0.1360651727729693,0.059886995096894706,0.1009442276946457,0.4101005052260225,0.14174332253756955,0.021364983375292614,0.03235544046630653,0.028977878972639266,0.01344423788031213,0.08556245304895972,0.10227759366459356,0.029520065677389556,0.12000439482345901,0.16249203232665366,0.04429720274286425,0.2458196998952883,0.21828363526757993,0.24279065642028036,0.11929835117704102,0.2597241655911125,0.17687830388994638,0.10750747348039233,0.2401030031284941,0.34654033822817415,0.14410319774157207,0
0.23990653239176335,0.4399730039897659,0.24158686500800114,0.12907687186430353,0.15094330040235804,0.2696765498215654,0.186105440112071,0.14801174113195464,0.07222142994609906,0.3502523472607609,0.0028609961568858353,0.2373145191671147,0.048108090084597196,0.005130730172109076,0.11316547996211254,0.32556247175536374,0.10871178252063661,0.3157801045406942,0.23664641210434978,0.22329057778045933,0.16506550068174353,0.44482949547303385,0.18402276652430613,0.07451845777751034,0.11107408658311523,0.285347252857965,0.23258737390064024,0.37525756429224877,0.12339828215112829,0.25219712199704547,0
0.2981204738093888,0.13560986110727274,0.2902359039458373,0.1689497198864917,0.2798591175548211,0.2035763056990538,0.11895456455755314,0.14234579639318906,0.28131259077522913,0.12594715726424044,0.026000118496857336,0.03770392071521139,0.03934399054950079,0.015797567905598296,0.08695618447267857,0.1387782715358626,0.07141387046095374,0.16040977053411132,0.094669684689505,0.059360101947813916,0.22447502308299389,0.14259083008847523,0.22999109688993616,0.10777156322633638,0.30000678503793593,0.23402334608967498,0.228913254304958,0.3152232299160841,0.23082981393425933,0.11911300076884167,0
0.23422725771641487,0.0405812869358801,0.22355076661646006,0.12691358651275475,0.32581020737499794,0.10134340277946519,0.061058510389913626,0.08926423139749942,0.2732317435351422,0.11478454570057967,0.05095033475362195,0.1513439473905585,0.04202976145110889,0.02268966325892493,0.15168064310677074,0.07351258365792246,0.03474734862604212,0.11047604353680432,0.04331041124826107,0.033241825297355414,0.20882208814694708,0.21641797157193093,0.18541730818148958,0.09936610642415457,0.43736384690541963,0.1263305240887255,0.12092607836406598,0.2362887249974588,0.17642415232585226,0.11530871539472141,0
0.52103688334562,0.3703078796059397,0.5114375380957419,0.35978770187503634,0.46014255840793694,0.34053114060452316,0.281396030819519,0.43856830704371486,0.47070658261463116,0.22598938862667775,0.12391798812420482,0.11339753460297257,0.10856135203109518,0.08032921300198483,0.18757830616977497,0.19127617336288705,0.0633583282451651,0.2803566586250748,0.08805628317925286,0.08433841335487109,0.4678048545642429,0.3568763852417794,0.4367246596066566,0.2860304128984049,0.5086839438862285,0.3358948800105022,0.263657722929671,0.678350142871664,0.29469730322361914,0.19670714240866602,1
0.25031889733573953,0.277646401719832,0.23923739671121458,0.13683929261822908,0.3089284376598989,0.14072747536500932,0.07523380807844969,0.1318586204169953,0.45757527507750073,0.12657899197901518,0.08064434172485233,0.31400345999246554,0.06229079338465055,0.03546529609287909,0.14192442107325995,0.15657804127482836,0.05199475251683288,0.20363765148114904,0.2518431496619845,0.047406464800487796,0.2194945984934585,0.4493603930196099,0.19219053324943436,0.1044536271166518,0.3488742868171237,0.14767508422391118,0.1099836366605457,0.3275601133937949,0.37256039483938,0.09130249358212686,0
0.20725007755609892,0.265810047577559,0.19832790127934524,0.10871628449919167,0.3245463790951579,0.10352106629861998,0.06520569694139623,0.1043736102245048,0.2732317435351422,0.19313338865047008,0.02900572098810313,0.2640560669955976,0.02836531133297766,0.012809194785067562,0.12502939543390929,0.05779323312315736,0.029368525925265294,0.11123368304907241,0.0777843819644444,0.02640130250399263,0.18214124213157906,0.6476551020307868,0.17261774865114538,0.08260444900934888,0.48953309892283753,0.13089059821492627,0.14464808822206152,0.29890017054246054,0.2775477176854529,0.14698913789038853,0
0.40318930693201416,0.38451147548613906,0.408472492985346,0.2797874928908042,0.5359754293702316,0.42242784454563564,0.35660686434742006,0.42152052287380015,0.5176762648995986,0.3934284133796094,0.45573087957807085,0.18847262911879917,0.4083777913268805,0.31695736697571986,0.22045044419766796,0.27516785383804254,0.11345921499664219,0.4051910345601436,0.17304530291116685,0.16998298736713735,0.5421554787937352,0.41657785284043153,0.5313516661534549,0.3840933292846238,0.5317967986683232,0.361799361623205,0.336341277273621,0.7333325803864876,0.28346128376458424,0.3263809829563561,1
0.3161051493913931,0.3185662151331837,0.3155969634230504,0.18315960275082957,0.3425114301929769,0.2923745328544839,0.22626474900770488,0.23916481363267306,0.3979793728219137,0.24957828118354883,0.04088332377659528,0.11819336700669199,0.04933313009679139,0.023455470513064517,0.07706400855733742,0.1940550420710581,0.09265123674884725,0.24133413281717533,0.11155487109816639,0.10575817744514317,0.2564920383014355,0.3592751120888913,0.2539464876226688,0.1286868327850317,0.287459742108247,0.2807871787317642,0.2923317258824039,0.4835048169774454,0.2324068055401419,0.21874575745118924,0
0.14430271229522687,0.3912750233087858,0.13406174910459268,0.06947979346386886,0.25765134134155737,0.06054789061626759,0.005786598178846605,0.025640333333976167,0.28787831377180506,0.3039169588660582,0.026651951633198015,0.2167612129724115,0.02011956024693239,0.00896155074906876,0.1363493933109057,0.025873431750199044,0.005237268717026958,0.06681300493716338,0.09241826446627056,0.05238144864260033,0.11312644322443204,0.4509595333301662,0.09716606643192804,0.046967455931802564,0.2735920292389902,0.042349324300601864,0.009862994524446708,0.08862560847516968,0.15454359197003828,0.16771587687634681,0
0.18074623978010762,0.4149475861406905,0.17275946663442696,0.09179154718490774,0.3194005385934864,0.11671048560454744,0.08467616156899371,0.06978124234598923,0.48282785347476154,0.20661277706896503,0.07104810470301977,0.2786422882278572,0.06987691486929348,0.02502438551891024,0.1641904415847405,0.14441105898556025,0.07553004229849519,0.19795477072112508,0.14856174772368808,0.06202032557114818,0.1718246483389701,0.5335824379600067,0.1657449493259074,0.07478880709065237,0.39047759128137705,0.1380701237522878,0.1539132043151226,0.25721643080606726,0.27597072607957035,0.14154517033574335,0
0.1963645370151076,0.23368290451470453,0.1843689498084928,0.1007841386938784,0.2607201307250951,0.058155263213313185,0.03207546112537943,0.06809142962938677,0.22777677012562111,0.24262795061904638,0.010863450447727335,0.13412774175142916,0.009941982318420839,0.005420212621332823,0.141754478720972,0.030124921991004732,0.023732207609460414,0.11723869501795334,0.1717789081146973,0.05120674508384276,0.13340405813647593,0.22041582234832163,0.11922870951762547,0.05797803341864542,0.21019595189558882,0.03386053100371087,0.036580895217972344,0.13896838752668256,0.1612457148292822,0.10356794652937297,0
0.2787157710744105,0.3324316190769866,0.26867560310911626,0.15512153179471178,0.3496434135298442,0.18235060658045435,0.04210357226243289,0.10387661782885486,0.40454495736246815,0.2845404216593357,0.09234088533219792,0.09041308993907829,0.08669832710921421,0.03679137551320046,0.14267226949080578,0.08537909681723298,0.017843348449194926,0.1231678495287253,0.20189095570206253,0.05124130056596029,0.23194565996729694,0.3294243782895652,0.22276970398832557,0.10855798307098348,0.33170467293101574,0.13380115066577722,0.05692442536684208,0.21938152946092768,0.344569190186578,0.14633331240441308,0
0.18879205958976994,0.25329733865302123,0.19307602021026332,0.09671208093063663,0.32969209262995375,0.2819457876312341,0.221578725192622,0.17957239753991655,0.2166656743985124,0.3462506282658673,0.052833330153332934,0.22449633213977005,0.0965460902370246,0.021195434215177132,0.23292625420518012,0.3314212162947341,0.16237316740187838,0.33491243080490724,0.10240867999497513,0.14099715420063938,0.15759486379744048,0.39578902880320016,0.1978681067837682,0.07156924342772703,0.4485902198955406,0.3695610892399469,0.3817087192270905,0.5343639669757513,0.19219382447599268,0.2642002921361359,0
0.16986119960104476,0.2911736428177667,0.15914658821672467,0.08373221954689232,0.25990754272117944,0.07741777671942757,0.046695867382675706,0.055218613011287915,0.6626255969185227,0.16259416552909653,0.025456940953417693,0.4821873784644119,0.024501657648045107,0.011800551945403618,0.30618304373387334,0.08305079730573067,0.05032812015242399,0.21045710839317774,0.1306914777300622,0.12427595752052532,0.10707930061537453,0.3009062122718702,0.09432778171983988,0.044509684018745325,0.1767819017405884,0.03699440847871846,0.03183685983849951,0.07635784551789568,0.2235362125127595,0.08080786421948356,0
0.5229299193082997,0.24146112996338956,0.5093637864186895,0.3590665569997029,0.33258096995074954,0.318446557904985,0.2553884660284847,0.3108347042249175,0.33333287181326154,0.16512165309017585,0.06775278743772639,0.050919677701336076,0.05484604831948783,0.05410568870823023,0.08172114348237906,0.1002497632830489,0.07512599981553009,0.1847514820840814,0.07131172329724422,0.05324515286230007,0.44290273161656607,0.26652453178213553,0.4128189723267241,0.2720213648722208,0.36406282040456917,0.23217996058610987,0.3426513275633955,0.5274909928733581,0.25172470270580105,0.17847284827993895,1
0.2948074106937351,0.5255320293988879,0.27855740765928005,0.16729531114020302,0.31849780410788625,0.10020848418873407,0.06494793369133785,0.10278311884424679,0.2823227659082507,0.12384094241367108,0.03508942997990576,0.2187501600155078,0.02624504610929044,0.0201308831126458,0.1378451922134762,0.043786314532268805,0.03813115201464783,0.12220168966935967,0.07862860638995771,0.03223989914918553,0.22838821383191452,0.5919505678569849,0.20359538377090222,0.11003259024587515,0.3812324342906771,0.07665604740657518,0.11102192554180651,0.20635750669181507,0.1732701691140871,0.084218606915784,0
0.29291437473105547,0.28779172345380205,0.2798013228352803,0.16704094747479872,0.19888091395835739,0.12440933529668094,0.11384674293719356,0.14264395325918625,0.19898899413084922,0.11646933913865865,0.03288046780149167,0.07178240816938601,0.0225697355384498,0.018842104189890962,0.14467789545024007,0.09521777959499879,0.03949478110204769,0.1603149779323758,0.042888182719105196,0.026850432354901258,0.24795416757651775,0.31636473242002244,0.2225705554737392,0.12347645148335296,0.3766098633342581,0.16416862184188952,0.14983986589393491,0.3591064026835025,0.13207167500631115,0.09320457703639383,0
0.5025786985919815,0.46060197030147965,0.5197291865016397,0.35503689318069515,0.3634557590270274,0.5552418303194652,0.5004678963343451,0.4980106804186538,0.3212116009531312,0.49978884318781364,0.2959981201176533,0.2441656212320158,0.23766671747580215,0.18322531199869488,0.17177111572002482,0.510695302244507,0.16643912835676178,0.43777233879413524,0.12450018843256673,0.3594794006360768,0.4852363406276167,0.44909386963451725,0.4641164500020082,0.3076583579497671,0.327081951195976,0.43776589492580503,0.41253945031177,0.6859104821495126,0.14508176428908548,0.44182095822074174,1
0.27682273511173083,0.2035848257986441,0.2701959065653131,0.1541458739795225,0.34097678156745687,0.19419046739660434,0.13671463927153865,0.1529820508023814,0.3257571121396855,0.19313338865047008,0.013905204522563115,0.028134688558007288,0.02063790869598353,0.009036236711166693,0.10742050984747036,0.11797434849039141,0.08378759432168048,0.15836383995362058,0.1143690300608102,0.04816659399045428,0.2191388538799203,0.1953631155879322,0.21320739560601396,0.10337222986408369,0.4056661097909605,0.22674681231386398,0.27763521417311815,0.33618549598491093,0.2840526403724974,0.15072791179526304,0
0.30711281160039094,0.1471093469321856,0.30080884711160816,0.17085849229818464,0.4917395350726949,0.29482839337580774,0.13556647209899603,0.2617294062512656,0.3631308229410551,0.3460400662616025,0.01712811819961098,0.047096373835239486,0.016255811294870803,0.011277580276788383,0.09304114135937551,0.09213844175687015,0.033686722815651285,0.166528276481149,0.12801794529407112,0.06537147600359451,0.24546395528175008,0.1679113707361582,0.22177362671200782,0.11674220681722457,0.44991088983510846,0.2159775240078217,0.14760332065813286,0.45876260715374795,0.3276166828662685,0.250688462755012,0
0.36248686549937786,0.24146112996338956,0.34842129566661456,0.22163265945870095,0.30495615198950743,0.1460032430873803,0.12164893766051833,0.13871757833367723,0.17626143819807794,0.07561049598058547,0.0394348503274229,0.1427248111207425,0.03364263394558341,0.024613485276924328,0.061936587516739056,0.08770726183046759,0.045454379140568366,0.11638626290394974,0.06554254621250541,0.011200089953953456,0.3034504476467382,0.35767595539705754,0.2768560474207757,0.15872020665210435,0.2841579918700168,0.17435578439289326,0.1946480882220615,0.26900328661298156,0.1754385173278828,0.07162512275996386,0
0.2493722125670902,0.43050389158541924,0.2376479122274108,0.13700901766961682,0.26442121514917977,0.10005507740805716,0.04015876721923887,0.06267388465996425,0.24444382908434878,0.20640221506470025,0.040702264595448734,0.17211828834002044,0.038637203719228706,0.020989984094184178,0.11500116356925891,0.07358763369127803,0.023762469823541563,0.08620983879413525,0.11535411364577469,0.051966874273809235,0.22198481078822618,0.5322490019706677,0.21081694402420575,0.10757495826517462,0.3594400986695294,0.1485482346942981,0.09824235738733125,0.21769756384048067,0.3025821392986894,0.17702987820553068,0
0.5144104235396937,0.11903989620499514,0.48932395695328096,0.35995727765197255,0.23246365255768422,0.1312494634002524,0.10414662619659118,0.20765391432136523,0.08080708784065371,0.052021900827675216,0.13467298382116213,0.15156498214531725,0.11336750247694534,0.08245848514097719,0.09028756491491655,0.04522827045987645,0.02911598508080469,0.14087945560293236,0.07229669056580948,0.014309443428196364,0.4229808613180604,0.1705766045870853,0.38194091146426035,0.2518680269957502,0.1812720890679469,0.07031089957395752,0.08370564651854125,0.28663218170113275,0.042973051748886285,0.024072207144185658,0
0.2924410323467308,0.36624960545971036,0.2782810193790835,0.1676347612429785,0.1870539494951162,0.10235553114870413,0.04217380340882561,0.06242529203365738,0.3297973973037074,0.18786800022602704,0.07684209892077482,0.24593365543693071,0.07392910220257601,0.03598826776149432,0.20698886647940687,0.1372011448492543,0.03386349378404975,0.10539978867444645,0.18261360622711476,0.062400344457821735,0.23372438303498816,0.43816641084571617,0.22351676194556386,0.11381762056222021,0.2683090479234768,0.13321894858639685,0.06148516468318109,0.1441592030810585,0.221170786081107,0.12626239890443028,0
0.3733724060403692,0.3550897515523433,0.36162014578390334,0.22795292480896598,0.39035833861303926,0.19652153769643602,0.15988699509689472,0.24607335507474168,0.2156563300016199,0.15838188452993818,0.043744119091350044,0.2819573218829284,0.03953252419785076,0.028087529568503758,0.12584532285984912,0.08605495061223609,0.05436846875483566,0.22409602923025135,0.16474333623348889,0.03168710285192428,0.28744190564944455,0.43869945761590157,0.26639728622494746,0.14707058607868959,0.33302534287058366,0.10818777009276459,0.13578222428106285,0.34948441964739496,0.1584860100075734,0.07182189409887375,0
0.2683035729177438,0.2861008364981404,0.26881379724921456,0.14511088852631782,0.49625333446757075,0.34973295556711104,0.18783917814615925,0.2521866701123777,0.2934338616353594,0.39132234723102044,0.04378037109600557,0.060334075805289475,0.044244341132535614,0.021662412653960135,0.13566952183427505,0.17099804439518818,0.06656543689261182,0.19549215009724716,0.13660128134145377,0.09218078916310828,0.22945544767252926,0.26998949960111585,0.22351676194556386,0.11022933513939362,0.5423627612993498,0.3462760590384048,0.2861018259620544,0.4835048169774454,0.32820803947418165,0.31654123135499757,0
0.5447006668156633,0.26411916062189733,0.5356240313396771,0.39215294063205786,0.4384760419854064,0.3445185829554861,0.34934354424468833,0.45641143333224043,0.38989849789062253,0.35825578525054796,0.24653271165999036,0.1513439473905585,0.1929038373599573,0.16617244215449034,0.21283580200542185,0.2244723632959607,0.11199458481690598,0.29797370586475164,0.11662045028404465,0.15063612254580658,0.5272138611444006,0.28944570671288367,0.47806186657384225,0.3477193124843451,0.4624579327647974,0.2732196202406048,0.28218795511579314,0.5714771687692707,0.1862802583968614,0.2584938048421624,1
0.3236777102103855,0.4998305476728304,0.335429787134008,0.1918976813199444,0.5738915474341899,0.4561689126909688,0.3179470464627598,0.3359340737755029,0.6136357028235336,0.4719875209298038,0.13166738132991634,0.258088982033154,0.10446202652236872,0.06023197680741727,0.27082952281412287,0.2726893197615614,0.08777748811426768,0.30611909036505086,0.23158083291847154,0.2107500459368512,0.28744190564944455,0.5575695426183506,0.2768560474207757,0.14815198333125768,0.7147193105195228,0.3583066070929737,0.27004742369051626,0.5226801142973312,0.4111958964802757,0.41492808546581267,1
0.7624114776354897,0.3422388652366733,0.7484631569049214,0.6525980471916251,0.36824050573445893,0.3316359772109125,0.39268942330142426,0.4985082513851951,0.22474735237472843,0.10277983482184015,0.42712292643052324,0.08508692042383079,0.41831986891243045,0.3238685798961364,0.1373352630891335,0.23513713443370843,0.10040369946038738,0.40841117781268704,0.1987953110533148,0.06917175628694947,0.8132332181906027,0.31583168564983705,0.8022806688712464,0.6382230829616963,0.3217991206590835,0.32522259994290936,0.3030347162743576,0.7780056696897482,0.26473475540227254,0.11629257208927093,1
0.10823996023790543,0.1068655101242311,0.12231440762065962,0.0446226117953686,1.0,0.6273235781524121,0.22797515759981324,0.26103357832596297,0.6656563992296307,0.9490309091936486,0.10722411672141291,0.1619521526200482,0.10634677234966845,0.024725556703553652,0.27433094767612765,0.3242107641653575,0.0879542514599422,0.41447276144524237,0.2467775704761063,0.3301136399995246,0.08359912447966544,0.1162055064026223,0.0928333311019774,0.02826353740601791,0.7860391059430901,0.30737079433795494,0.16765124424700312,0.3522334285811093,0.29036060679602776,0.4601854934150904,0
0.12754892705723805,0.11599557242159739,0.14048786057672127,0.05471804295223068,0.657849663601263,0.6165883433525619,0.27835012841466267,0.3498008751849016,0.503534920685468,0.9644066939683503,0.05898944273338108,0.2275903310400825,0.04853212407590884,0.020298947769107366,0.6818168827775419,0.3501971744603929,0.13103492960795568,0.27467377786505087,0.25944140212440275,0.3656975590848464,0.09498329599361756,0.1604480607024619,0.094925227263599,0.035121202410754636,0.8547187677164879,0.32890937095003964,0.23266724099433114,0.3694157508950655,0.25290744031249585,0.5336483728159389,0
0.4410520276333214,0.20257029362524706,0.42091114100000165,0.2868713119880819,0.3759140027958106,0.146432522885473,0.12947466728928322,0.22678906655300962,0.32878736062670727,0.13921598367847066,0.03447374842715508,0.0243991646276119,0.018329109823946338,0.02590226419967916,0.19311932504817583,0.07343739912629924,0.06237347231083639,0.27107458108916815,0.07820649417720105,0.05784002640111967,0.33404453599313616,0.1529847506687656,0.2957812981136117,0.18260930466212635,0.42415654439525713,0.1055681660329202,0.15551071282172627,0.46632272054754287,0.14488456411688594,0.11320986060154456,0
0.40129610418202505,0.4815689685516844,0.4146917330351161,0.24933147436883027,0.5928502413005471,0.5141395045949138,0.4756329675461126,0.42345892821670944,0.3772722363831964,0.43955264496212565,0.0802459713579037,0.353783620020165,0.10271863806112339,0.048035393838875444,0.26600234346931445,0.3541030041533064,0.1519945238351144,0.3866264119539198,0.18528710376818608,0.1763743803095915,0.32657389910883305,0.6479204787264539,0.3351259488840989,0.1779887802236399,0.6737768838280882,0.4554242946485951,0.4721240014530379,0.7432985848364034,0.2854325537605232,0.33884237798340777,1
0.3705326853090402,0.168752699964655,0.3515309660660343,0.22786809213816245,0.2896993043484885,0.094410777028833,0.08003698342283447,0.12629218987153798,0.3025247455524464,0.07413537233488877,0.03863821001459119,0.058124947423475994,0.04334911592104259,0.02599564289404279,0.16979945781755235,0.07298682992963049,0.03742406814105393,0.20003845470526632,0.11141412825511443,0.030547046191903602,0.2732120351377328,0.14818831261374746,0.25544060353714537,0.14131950615072672,0.2821767607927337,0.07161100841246894,0.08793878578022471,0.27336759241481345,0.15158680893047263,0.04184678371856368,0
0.20630355957475907,0.30098078716060445,0.20019377404334562,0.10506831545274194,0.47187861458824004,0.20124523539922212,0.10079607751575999,0.12892623028278616,0.43787838299981585,0.2558967472928805,0.04761886590473858,0.14360882822319998,0.03458501638594618,0.021270205144239912,0.23333421791815004,0.10633311992941528,0.0530048396674358,0.20969935199730702,0.23158083291847154,0.011131070406337734,0.1615080545463611,0.2934435574892743,0.14313422944586507,0.07210994205401108,0.5093442034667021,0.12623359217461788,0.12971195856842443,0.2935394901796908,0.29469730322361914,0.08389069417279628,0
0.2730363296117525,0.23638832364376322,0.2675698820732143,0.1485891325213798,0.540489101798232,0.283172717891896,0.09090861545645577,0.14885664749025587,0.5353526682552187,0.3426701819814837,0.09846076599180364,0.14206170685646638,0.08189219571678986,0.040751090975828595,0.19702861155567167,0.10032481331640446,0.04992403955583912,0.1742570878216637,0.14307394000865395,0.09446095733312124,0.23194565996729694,0.25906187699953964,0.21524942096314248,0.1078697957407389,0.5040613729298096,0.16552688982886554,0.11365772292967098,0.2764603968782824,0.2968656514374149,0.20024905020216152,0
0.8352975318813942,0.4020968452776618,0.8410616265265582,0.7200432298811625,0.4547258975605854,0.5865290379434744,0.5412374503852441,0.7311130353950386,0.4702014950481204,0.3671016199593747,0.31866717144988943,0.11938668646591882,0.2965179864339608,0.2485971954104244,0.11136388689290264,0.2243221287309819,0.09017644319126863,0.30252001047277083,0.1534865840665144,0.1335348155623996,0.7822839526338684,0.39738816911375646,0.7733940931546464,0.6038137164494684,0.4162320271884009,0.37984487840769104,0.3720441843491823,0.8505144509323364,0.3138181587577243,0.2733174036608236,1
0.13564311518665167,0.20189393884298243,0.13274865290098548,0.06349836619112803,0.38178203088596213,0.19879137487789825,0.05459182815783331,0.12007930278350455,0.1651503424709692,0.3991150745145624,0.05008129085254473,0.18913564194564225,0.05743760003048547,0.015760267408031752,0.23860324737890715,0.1364499720243603,0.026818038718864037,0.1288317951451227,0.14574747244464503,0.08979699111339044,0.11775163902152176,0.29237746394890346,0.11907926445583923,0.047016572189003826,0.4670805037212164,0.19114027040187814,0.06736380269345235,0.22432997142566719,0.18470326679097884,0.2430143805375258,0
0.24085321716041272,0.1261408941555674,0.2352292629030173,0.12797403221641213,0.5179198508901013,0.2168883532340968,0.08858893299089424,0.13906549229632856,0.3015145704194248,0.33951100840761,0.050624468395984376,0.03178121338692787,0.04509250438228793,0.02192394097175018,0.1908417300845935,0.06968220749316748,0.045403840480780444,0.15127917414721723,0.16516556476264477,0.046266408140467126,0.19637102667310866,0.09994708847364167,0.18183146345708437,0.08963353115104158,0.5344382893260798,0.13186068059942083,0.12955232436071332,0.2540549575902689,0.23970028500729898,0.1671255628596171,0
0.22192185680975907,0.34866423566818766,0.21712415139898478,0.11567277248931568,0.4420871068946822,0.2305072143304936,0.09840616390380576,0.10720667902236948,0.4035349206854681,0.30855051257572647,0.03447374842715508,0.1136627031587366,0.029967418641871798,0.01594702479675902,0.12027029509749486,0.11279213023736252,0.046464466291171284,0.1003609365649312,0.09298111952207917,0.06136395424415368,0.19281358053772626,0.44749472932396095,0.18222976048625708,0.08980550801742437,0.5535891342894708,0.26109214027192834,0.22028705829814604,0.2790377339311731,0.32347706465653386,0.22602629699085564,0
0.2157690729627764,0.1599600877952143,0.21325437964600136,0.11003124314270486,0.42619834511374327,0.28409283459120416,0.15784861078683168,0.12892623028278616,0.38282778424675074,0.37615801667246607,0.06043791618255346,0.311129886264025,0.0410403170490054,0.026257171211832835,0.35479472188653366,0.29191611612042434,0.1402268675101973,0.28300874756882105,0.14799889266787947,0.15951496170100732,0.15403741766205808,0.2041578958576663,0.14129151995501588,0.06699793319909154,0.4182131376427874,0.17901263778451804,0.1435298156041605,0.2377318982166454,0.1506011739325032,0.17250401894501657,0
0.3544411124046393,0.5167394172294472,0.3594778847397063,0.2175605524348902,0.32265050970852216,0.31783309277465405,0.2364099929955639,0.19333987761297078,0.4101005052260225,0.28327673735958814,0.05167457147820814,0.15885803180315836,0.0875463950918375,0.03045963729302047,0.18441686807982494,0.3325469667950677,0.09669158535125894,0.22011800568521844,0.18008081663417563,0.18020921607506402,0.294912559727784,0.5253198853965825,0.3142084934331196,0.1532886202809562,0.41491129693738465,0.3812034516920343,0.3226832210783807,0.414089133847596,0.31973172483685564,0.30998297649524303,0
0.2948074106937351,0.620562058096694,0.28394748286846033,0.1675074301358248,0.3076644824131832,0.15149365070879764,0.06998552416530471,0.16277320599630868,0.2868681386387834,0.1653322150944406,0.044758070589983816,0.2733381856131124,0.03684675329624266,0.020635162048995345,0.11081996929810234,0.08613013514385932,0.0378281487376388,0.17270370474266908,0.13167644499862746,0.01548405557033458,0.229099703058991,0.6703087706997918,0.20952197662431554,0.10922154230644905,0.23793167919134411,0.10750863609927658,0.0848237525036576,0.2734708214273613,0.1789866569753616,0.06159025833790414,0
0.15518891998545617,0.2323301949501752,0.15244341680393728,0.07520625997339929,0.326261574617798,0.18796380442336383,0.10210824188652816,0.12117280176811263,0.30757520584949,0.36183623153493155,0.0010504043454203612,0.14648179236875375,0.010917327185427924,9.786495010739753E-4,0.2908861906783813,0.21470886504981812,0.06598458532762849,0.20780501944943147,0.20948932448087992,0.17257410002623658,0.1031659379260897,0.26705757855232093,0.10294304687186215,0.04232226141883013,0.49481608023835083,0.19143137144156835,0.14241170961904415,0.28635728080776135,0.22195934286121963,0.2607239195050034,0
0.1963645370151076,0.43050389158541924,0.1914175226139682,0.09963890510175291,0.38846252001315373,0.19188985166358072,0.11302675694606584,0.11217679583583243,0.48989852558182684,0.32771656212917444,0.06101734573064862,0.24460769074153318,0.05828576328023777,0.020635162048995345,0.0605770486984355,0.21223033097333702,0.08699465723278352,0.19397663730550568,0.29884009286701313,0.13225653697390877,0.1454995469371403,0.43283577933108686,0.13641087518241335,0.061787551897412786,0.24783783457775954,0.1464137481510428,0.12491959968139812,0.2203781299059193,0.31618358518937684,0.16581379342207986,0
0.11131551822484932,0.4135948765761612,0.10517531177639079,0.05111306494782113,0.3590322330807116,0.11247762480297677,0.0936265234648611,0.06371762654791821,0.3191913891431095,0.3327712398473723,0.06873058735277018,0.33566193996096233,0.06426977745598657,0.02065385478126104,0.31366152790933144,0.12082826723191803,0.1009087811493086,0.24284952872531418,0.4180225281602003,0.12880172009510985,0.0681244917012983,0.34728144509077674,0.062005475747392645,0.027183259612303397,0.2584034956515446,0.05403152805911778,0.06384135225837415,0.08811059283269895,0.1714960992903477,0.12390114283751141,0
0.1566082799891922,0.6053433482325322,0.15119916579770593,0.07546077291325512,0.34007404708185685,0.17544924535851342,0.14055717954704647,0.13608334506546527,0.26919131991509876,0.23820510761562325,0.039253791146276355,0.41522347918213487,0.03204062190381829,0.014303423828815354,0.3513948541659862,0.18857248918633923,0.12131275502775815,0.3260092899087373,0.14842100488063611,0.13968441154665037,0.10352185447999215,0.6100748132943895,0.09542226179160028,0.0423715176083881,0.4439676489391216,0.1394283917392638,0.15974401871619437,0.3136424933081849,0.1302972393195436,0.18227712180750055,0
0.15045549614220954,0.3341225205779124,0.14470420912820153,0.07134617193132776,0.4303510507143791,0.1707255476557273,0.011773056268970374,0.05546701278063097,0.36919141683431383,0.281170581989811,0.048017135850621666,0.38229381163644965,0.04198260422223915,0.018673954566464555,0.3806300421334553,0.14996879640190233,0.010540321541741659,0.13415479129263916,0.25099880892007204,0.04778648368716137,0.09676287876312979,0.28944570671288367,0.08700614515416438,0.039840001343350626,0.3653834903441371,0.08994793153401241,0.008026701237415067,0.07670118927954282,0.1373937625231866,0.08120140689730337,0
0.45525046450265694,0.6212384128789586,0.4457884370293129,0.30311744764571796,0.28816465572296845,0.2543400673564302,0.21675210833527905,0.2635185981613017,0.26767619567158785,0.13732033083216602,0.12489568761818307,0.1579740147007009,0.12571259812514288,0.07797579800973381,0.14243435019760264,0.263301340678732,0.11944404425143706,0.2949427971648713,0.07454811078904393,0.10354710195604142,0.39309831378084825,0.5890199573103907,0.37994892426331783,0.2307315243811142,0.2821767607927337,0.27370473775719395,0.271804566404831,0.48728498661636976,0.1287203696680037,0.15190853982872246,1
