@relation ionosphere
@attribute f1 real [-2.8659, 0.347937]
@attribute f2 real [-3.2978, 0.720619]
@attribute f3 real [-2.36586, 2.16482]
@attribute f4 real [-3.0798, 0.767382]
@attribute f5 real [-2.42158, 1.9186]
@attribute f6 real [-3.14642, 0.913227]
@attribute f7 real [-2.14952, 1.6911]
@attribute f8 real [-2.98156, 0.9627]
@attribute f9 real [-2.44155, 1.69196]
@attribute f10 real [-2.61968, 0.929584]
@attribute f11 real [-2.33428, 1.70762]
@attribute f12 real [-2.25142, 0.963054]
@attribute f13 real [-2.20948, 1.83196]
@attribute f14 real [-2.05898, 1.00462]
@attribute f15 real [-2.33683, 2.02646]
@attribute f16 real [-2.23609, 1.00005]
@attribute f17 real [-2.00576, 2.02032]
@attribute f18 real [-2.17062, 1.0229]
@attribute f19 real [-1.88022, 1.97278]
@attribute f20 real [-2.19192, 1.08769]
@attribute f21 real [-1.94589, 1.91387]
@attribute f22 real [-2.25662, 1.05591]
@attribute f23 real [-1.78706, 2.00473]
@attribute f24 real [-2.41358, 1.04394]
@attribute f25 real [-1.82659, 2.10658]
@attribute f26 real [-2.98649, 0.887941]
@attribute f27 real [-1.69167, 1.94452]
@attribute f28 real [-2.39361, 1.0793]
@attribute f29 real [-1.91367, 2.02354]
@attribute f30 real [-2.36667, 1.13299]
@attribute f31 real [-1.93975, 1.95452]
@attribute f32 real [-2.58171, 1.24485]
@attribute f33 real [-2.16613, 2.1043]
@attribute clase integer [0, 1]
@inputs f1, f2, f3, f4, f5, f6, f7, f8, f9, f10, f11, f12, f13, f14, f15, f16, f17, f18, f19, f20, f21, f22, f23, f24, f25, f26, f27, f28, f29, f30, f31, f32, f33
@outputs clase
@data
1.0,0.9976951134264497,0.47055563403286044,0.9262148242531806,0.5115301669516011,0.9169900732748438,0.3114606495826195,1.0,0.5187997609779582,0.9262148434154236,0.4112254137905441,0.7987751650814411,0.27527316995922246,0.8026788745267006,0.3088852677681291,0.9217799600758929,0.3072904661606326,0.791060647811819,0.3390410070075266,0.7848552114428241,0.35162963500321265,0.6847298590503331,0.26321552617629146,0.784054177560795,0.2441445449853426,0.7053897720723379,0.26916002739130795,0.6063304260692042,0.32955087485808476,0.7113353868661527,0.22756511489958325,0.59320486285332,0.27349938999117185,1
1.0,0.5116863124527332,0.49704062083395867,0.4503816039896215,0.4402550124649208,0.49618599843779515,0.4408803786888575,0.5735296354702784,0.5331846300117817,0.5189295583535064,0.4684903139612559,0.500000311092888,0.4999992576903283,0.47713931322626973,0.4223001450740152,0.4982849938506987,0.44902038707626274,0.44212467747188056,0.47293093693226057,0.5091898122032803,0.5183450007254338,0.5075947991414418,0.5044401193104049,0.5175649020106897,0.4923250202762657,0.48380007283650167,0.5461153020056707,0.4607052874966526,0.5036607648563323,0.5,0.5000005058714471,0.4998050468305737,0.5600541397470513,0
0.0,0.5000001244270447,0.5000006621522597,0.49999974006948467,0.5,1.0,0.0,0.5,0.4999997580748565,0.0,0.0,0.500000311092888,0.4999992576903283,0.4999993471732602,0.5,1.0,1.0,0.0,0.0,0.5,0.4999999740916534,0.4999996981159415,0.5000000000000001,1.0,1.0,1.0,1.0,0.5000005758859285,0.5000007619608808,1.0,1.0,0.5000000000000001,0.4999992740777861,0
0.0,0.5000001244270447,0.5000006621522597,0.0,0.0,1.0,1.0,0.0,1.0,0.0,1.0,1.0,0.0,1.0,1.0,0.0,0.0,0.0,1.0,1.0,0.0,0.0,1.0,0.0,1.0,1.0,0.0,0.0,1.0,0.0,0.0,1.0,0.0,0
0.0,1.0,0.0,0.49999974006948467,0.5,0.4999991378560747,0.500000260374627,1.0,1.0,1.0,0.0,0.14062642908295417,1.0,0.4999993471732602,0.5,0.0,1.0,1.0,1.0,0.0,1.0,1.0,0.7812484341168684,0.0,1.0,1.0,1.0,1.0,0.0,1.0,1.0,1.0,1.0,0
1.0,1.0,0.46909051179955324,1.0,0.5147099889866319,1.0,0.47434528800037495,1.0,0.49146488093654067,1.0,0.44137039511121007,0.9224650751569308,0.4739892216635655,0.9669584802193498,0.4670099855842724,0.8458499941288077,0.46310530342169054,0.8286555274430722,0.39816584479626266,0.9745488030589002,0.3422096192509379,0.9042601878322611,0.3417304228345979,0.924659004141697,0.3258097158271826,0.8626448632070102,0.35413000970796354,0.8654707435551167,0.3071207784192359,0.7717804015247196,0.3685802473891127,0.8210345584545911,0.3025643787627944,1
1.0,1.0,0.45643060202883456,1.0,0.4136849162937942,0.9331752243483239,0.09110508199197001,0.9740848727010897,0.8052642911230408,0.9773651664119659,0.293089883470645,0.9424300834288907,0.34131918326141186,0.9396837054445749,0.38283520004400345,0.9052550260495529,0.18909957079839446,0.5612249179588668,0.0,0.9514201383701112,0.5552650942027484,0.8117849498721521,0.10726596145883607,0.7769441680742266,0.08565864175715772,0.740679857248716,0.0670839532587681,0.7032505881235046,0.05163046929170653,0.6649202493956556,0.03936039360393606,0.4332951789596923,0.0,1
1.0,0.9410399960780597,0.42680546849479545,0.9670397709284354,0.4447149657387482,0.9605000139174662,0.41775051944738084,0.9415347872604748,0.4148198504418763,0.9423100113150219,0.34095549122937235,0.9263450256558304,0.34268404331129504,0.9105787309048178,0.3203802635167499,0.9034049824791264,0.3318404005881651,0.8762158996968863,0.2648909940306255,0.8527751775363535,0.2642345638070761,0.8307499101894927,0.24957553029044335,0.8064841273513964,0.2595695075473473,0.7840198986638296,0.2268547573146618,0.7508956465903235,0.20073097447177057,0.7353754364709715,0.21311568021734498,0.7109448172771367,0.2095690597902319,1
1.0,1.0,0.4205055311785427,0.8615701050795102,0.6384302033556212,0.9172152160027707,0.20806015695382513,1.0,0.35896489908092644,1.0,0.2506865583017888,0.8998100466825987,0.4373641573300606,0.8841836401619009,0.5731897261011759,1.0,0.6966848646822715,1.0,0.6329509473137815,0.981769173773711,0.49054495616307753,0.9629950521202827,0.04331199776358926,1.0,0.5740153616548483,1.0,0.4420902373088315,1.0,0.44435577477452304,1.0,0.7668600276816965,1.0,0.2112105806675206,1
1.0,0.0,0.0,1.0,1.0,1.0,0.4281254068353547,0.5,0.4999997580748565,0.0,1.0,1.0,1.0,0.589584149366758,0.0,0.0,0.0,0.5437501565670483,0.0,1.0,0.0,0.0,1.0,0.0,0.0,1.0,0.0,0.0,0.0,1.0,1.0,0.5000000000000001,0.4999992740777861,0
1.0,0.9908299756695358,0.5043705801336664,0.9905148755634644,0.4809100083406678,0.9878250498134443,0.47150538194354036,0.979734855207314,0.46514487687219824,0.995020094306876,0.47746530097231504,0.9735648818438102,0.4444890929965557,0.966843582713148,0.4360500906426114,0.9710849963227796,0.44208535349521116,0.8984108444600316,0.4040010381520893,0.9413701629157126,0.41306480195659834,0.9312851506250509,0.4063052015011381,0.9424338832457947,0.4015549798254334,0.909064840746938,0.39432015378734336,0.8927305919243517,0.3806807358510214,0.8845556425481332,0.3845254694718137,0.8716147139989965,0.38048931840587485,1
1.0,0.9206700446120727,0.4081906027351303,0.7182202453640093,0.5145950167965384,0.9671050216927727,0.4986653196619296,0.9397349566205068,0.5689746728567247,0.9056049366854649,0.49105544422177694,0.9427949953864925,0.774954471673463,0.9585686773730252,0.21257124784279752,0.8749998454949415,0.35240034971982664,0.9333810340940404,0.3994809239553595,1.0,1.0,0.7330499648305072,0.4185500779315311,0.9503288484231472,0.4861100588075267,0.9667899621905771,0.4942104235477244,0.8079106570570501,0.33851077285692144,0.9223155963722189,0.37147039111309693,0.9666149230640575,0.4928742772976024,1
1.0,0.5416657645705936,0.3965755692302259,0.0,1.0,0.0,1.0,0.8593748890793204,0.735864434826576,0.08928329929810798,0.18638511591083406,0.0,0.0,0.0,1.0,0.48623483532850864,0.7957591503397845,0.2894329767779754,0.28943602387749806,0.12685959611051315,0.0,0.0,0.26599547970747334,0.0,0.6190502825964806,1.0,0.0,0.0,0.3054307491853368,0.0,0.0,0.0,0.8072887273646917,0
1.0,1.0,0.54885558017781,1.0,0.5609850973922741,1.0,0.6128703178132697,0.9930098421503654,0.546184719524085,0.9746499555964279,0.5960552215542196,0.9649600525622544,0.6214393879409321,0.9462034860947903,0.641714623598248,0.9276449720963865,0.6336048960775741,0.9182807685563267,0.6656459901375552,0.9169651269510705,0.6584901651916182,0.8741451398176017,0.6979845930286224,0.880964101436868,0.6732905010462298,0.8422599344265003,0.7137308556483571,0.8138206863984382,0.7301556178105815,0.7839552985147129,0.7351657691942264,0.7712598260578692,0.7545141824125441,1
1.0,0.8190800884626517,1.0,0.6041653345227754,0.0,1.0,1.0,0.9385948187999776,0.6546046822192277,0.16556953779713202,1.0,0.47039515640817126,0.7938596143948692,0.5087694215955085,0.5252199143306999,0.24232573374452282,0.0,0.57126994664195,0.48355593044381,0.663375035446288,0.2806995771757829,0.0,1.0,0.9046038779240612,0.0,1.0,0.4693002840885652,1.0,1.0,0.603070298257545,0.0,1.0,1.0,0
1.0,0.9239151019343678,0.5529905003222474,1.0,0.6956501804072642,1.0,0.0,0.8346899038095866,0.5421196513374833,1.0,0.635190133353126,1.0,0.8029885387386675,1.0,0.6775346126432119,1.0,0.513360166713031,0.7921206067286255,0.28487594082533096,1.0,0.8174808796401849,0.9456500016603624,0.6329248191487398,0.9551638168398158,0.3333346893218447,1.0,0.5797103561695072,0.6884055647857272,0.49026577195526777,1.0,0.6123206660041548,1.0,0.6870441618291367,0
0.0,1.0,0.0,1.0,0.0,1.0,0.0,1.0,0.0,1.0,1.0,1.0,1.0,1.0,0.0,1.0,1.0,1.0,1.0,1.0,1.0,1.0,0.0,1.0,0.0,1.0,0.0,1.0,0.8281244840889868,0.5,0.5000005058714471,1.0,0.0,0
1.0,1.0,0.5203905749247353,1.0,0.5599101005027441,1.0,0.5807952622232868,1.0,0.6396045975454276,0.9935149935310531,0.6544451866696356,0.9637250137969696,0.6881943069796905,0.9555885233059146,0.6987445253466994,0.909694883410483,0.7302947283710208,0.8930957063052682,0.7349709317415002,0.8970002530788722,0.7814112794577902,0.8516550793502247,0.7906450515455762,0.8353840324857122,0.7986153662313097,0.7945148848953562,0.8049496863475231,0.7697605178366269,0.8046611686955991,0.7265602944286017,0.8181815847386031,0.7022098176952668,0.813288123210075,1
1.0,1.0,0.6208405802219534,1.0,0.7429502923841868,1.0,0.864865568580073,1.0,1.0,1.0,1.0,1.0,1.0,1.0,0.8856390475994032,1.0,1.0,1.0,1.0,0.8723400038419202,1.0,0.9482350348525146,1.0,0.8231391286239849,1.0,0.691274925272898,1.0,0.5540955567521185,1.0,0.413149848842459,1.0,0.09308621843117586,1.0,1
0.0,1.0,0.0,1.0,1.0,1.0,1.0,1.0,1.0,1.0,1.0,1.0,0.0,1.0,0.0,1.0,1.0,1.0,0.0,1.0,1.0,1.0,1.0,1.0,0.0,1.0,1.0,1.0,0.0,1.0,1.0,1.0,0.0,0
1.0,0.9613850621351333,0.5390205664491864,0.9633950252418523,0.5812551553161389,0.9485100551846011,0.6230902822981707,0.9205549329912328,0.6759845748528491,0.8940050669659962,0.7109799846606794,0.8535800880641747,0.7349145354131201,0.853978652565609,0.7823798097307307,0.8022950181388939,0.8209995827206613,0.7562354392645106,0.8246197767973008,0.6995151862569026,0.8348757435695483,0.6711598385524056,0.8417132805350508,0.6184646798861612,0.8807297930168286,0.5938247448464046,0.8694265151160968,0.5484705909453456,0.8551918744491657,0.5136750427184354,0.8853597721780976,0.4798850664826894,0.847544626653522,1
1.0,0.94152501269778,0.39002048257656685,1.0,0.6818652682607634,0.9120150101720668,0.5960303284365546,0.9254298651711601,0.5295047066536673,0.9527899305320765,0.4785402904574581,0.9259648701467177,0.6249992576903283,0.8894836140488315,0.6266097371478861,0.8460298380168968,0.7896986647061159,0.8551507427540771,0.6952808201401506,0.865880089400874,0.6378751528592451,1.0,0.6743545924220488,0.7837993706471691,0.7601959742396083,0.8490549967208088,0.7661755848841783,0.9045057315047036,0.792921891390096,0.7151303269460462,0.8546171683011193,0.7618048586720187,0.7709247078163091,1
1.0,0.9227850555156146,0.457100479398236,0.34127577016112054,0.09723559852356355,0.4551947496912909,0.2178268092130958,0.9032398979783279,0.5228798285234583,0.9475699750708879,0.49618545733442193,0.4075304388836245,0.8198290708262402,0.3999043608826217,0.15967538256682456,0.9285049472519731,0.44328031236339066,0.8898957889726696,0.4213558266286011,0.46520500913218343,0.7540505109125956,0.3293585265642877,0.9046703535797078,0.8946588884518384,0.4814100331284943,0.8544098475363221,0.37355996248820883,0.8894206875502101,0.429455883734929,0.3932299137630513,0.10915011029024695,0.4075305234989129,0.2006636334045986,0
1.0,0.8543501810040217,0.3760854882710763,0.8217400424518517,0.5217401121612467,0.7260850512372136,0.6913050497055162,0.826084740863939,0.5913046418177288,0.7499997464263013,0.63478512580717,0.7891300411824764,0.3847841363474406,0.7521739130434782,0.6891295329900144,0.6934799297929014,0.2869555498152048,0.6804353346777224,0.3695660524266805,0.6347849286957902,0.5586951002134848,0.7662300416901885,0.4807750692944494,0.6565197019829242,0.4391299384465965,0.7496498711681793,0.47868029448406163,0.7417405000417517,0.4777607747618237,0.8217403976386277,0.37391526524868585,0.7521747992975414,0.5739141023269321,1
1.0,0.8295450773052786,0.18560569274369412,0.49999974006948467,0.5,0.4999991378560747,0.500000260374627,0.8863647426893765,1.0,1.0,0.35985056532818727,0.500000311092888,0.4999992576903283,0.4999993471732602,0.5,0.8106049182050221,0.3863653976075984,0.9204557979909316,0.0,1.0,0.0,0.4999996981159415,0.5000000000000001,0.5,0.5,1.0,0.030303697001531824,0.4356052993023142,0.03409012981273541,0.5,0.5000005058714471,0.5000000000000001,0.4999992740777861,0
1.0,1.0,0.6169755974820557,0.9570199694217741,0.7600652507499689,0.8901000505708994,0.8607204045180205,0.738299731762105,0.9211082106974461,0.6381945665354845,0.9586506346025384,0.5473352716494208,0.9412387663803001,0.39009955607781693,0.9570186716903987,0.3291606667202284,0.8775856416166593,0.2431987274230316,0.822636906306774,0.1773656013977272,0.7230703463427778,0.1294901480137538,0.6458097626714561,0.14580971332053033,0.5179552371242534,0.14134462583021865,0.4402852161190697,0.17519025831363316,0.35908574853767006,0.24374367795728732,0.27747511086801896,0.3128397307242014,0.2334050669370532,1
1.0,0.9344451138619443,0.4644455136977231,1.0,0.4875300102760715,1.0,0.46555530096703135,0.9388899311911486,0.5011097106333359,0.917779855203783,0.46778049927014526,1.0,0.4635642246328042,1.0,0.4000002291848582,0.9344447397207786,0.5266651432659062,0.940001002029109,0.4811109265507397,1.0,0.4423697328331296,1.0,0.4066651897916288,0.9222188157986071,0.5177800603584386,1.0,0.42919016883056166,0.9111105672188453,0.42666583697592964,1.0,0.4219553343758907,1.0,0.27888947951377263,1
1.0,0.7181802096794785,0.43636562282041547,0.79091007391904,0.42727513605426504,0.5909102441665495,0.16363503809280788,0.672724668252093,0.48181980931460194,0.645454663276668,0.4727254509018037,0.645455212890196,0.6454543430064532,0.681819003786395,0.2909112160777762,0.6,0.4909102153956205,0.6818203361807661,0.5272758889177265,0.5636350053817375,0.745455416917114,0.8090900308827392,0.5818199320110028,0.6636346282884842,0.58182026202783,0.705489915809573,0.46486526831656216,0.6727255529224772,0.47272578805804105,0.5636350388323437,0.3181803008009203,0.6454549255728382,0.35454439014338135,0
1.0,1.0,1.0,0.49999974006948467,0.5,0.4999991378560747,0.500000260374627,0.5,0.4999997580748565,0.738719728935351,0.05451149212004259,0.24248135153682995,0.7274444257492381,0.022555163859511666,0.6428545890830084,0.8233098691651165,1.0,0.5,0.5000009343368804,0.5,0.4999999740916534,0.8101499458118115,0.6015048301725571,0.0,0.0,1.0,0.0,1.0,1.0,0.5,0.5000005058714471,0.5000000000000001,0.4999992740777861,0
1.0,0.9760851220343125,0.5329755798246621,0.968069875560865,0.5651501089816551,0.9549800758538859,0.5957603199483417,0.924404831324507,0.2501893064248061,0.9501150097597698,0.8065998663994656,0.8896849064574794,0.6716393166792035,0.8612687687687688,0.6899394722789454,0.830724875932438,0.704219737312721,0.9773610310879531,0.7993096288606282,0.7662901991395319,0.7204403900760669,0.7338650517882102,0.7225545191057522,0.7021994666697516,0.7209960413610396,0.6718697532618338,0.7161058690552473,0.9516506330426069,1.0,0.6170250824365796,0.6981007993796013,0.5931599138651948,0.6859541076659729,1
1.0,1.0,1.0,1.0,0.0,0.4999991378560747,0.500000260374627,0.5,0.4999997580748565,1.0,1.0,1.0,0.0,1.0,1.0,1.0,0.0,0.5,0.5000009343368804,0.5,0.4999999740916534,1.0,0.36111018806421247,0.5,0.5,1.0,0.0,1.0,1.0,1.0,0.0,0.5000000000000001,0.4999992740777861,0
1.0,0.633335149968184,0.4500006621522597,0.7666650550974713,0.5,0.6666651065967065,0.43333550312189173,0.683334770020232,0.5583346840820513,0.7833347984258143,0.5083354363047082,0.8583351428569651,0.5416642830278317,0.8499986943465204,0.4666650623726592,0.766664915609337,0.6,0.7083354104561738,0.4916659226576694,0.6583350154439095,0.6000002590834663,0.8500001509420292,0.5000000000000001,0.6249997107753534,0.5666653106781552,0.7310699300103679,0.5271954985850574,0.7000005758859285,0.5166658623746256,0.7333352382802901,0.5166655368015058,0.7083349013212913,0.4749992389525177,1
1.0,0.36666410346954864,0.7000006621522596,0.3634842333947289,0.5607951052721316,0.4111096358870611,0.477780410454562,0.5309596730438663,0.4656047765700338,0.5223043425341141,0.5128753803904105,0.49557532585424546,0.5136293004473653,0.49206946076511293,0.49916989244354604,0.49953493977392827,0.4955852094344871,0.502350071394574,0.4992359200622892,0.5006900210695784,0.5011899703608514,0.4994297410136663,0.50051004934345,0.499654954996645,0.49975007436749486,0.5000940783304697,0.49978521474400406,0.5001304381628087,0.5000257796764713,0.5,0.5000755083751255,0.4999600163070748,0.5000092730708617,0
1.0,0.9760099680993944,0.5112705818994058,0.9687849444086606,0.4936401255247478,0.9676301905067116,0.5060703740541891,0.9835249197568112,0.4913296447813118,0.9846799223726383,0.5026002622529009,0.9783249141228083,0.4846792232471595,0.9762984723854288,0.4979749225928141,0.9973999888756357,0.48670520705003373,0.998844535183747,0.5089609395276409,0.9679202710078333,0.47514482765767824,0.9690752989406889,0.4881500557784055,0.9852587982137485,0.4777450250052756,0.9810748984818675,0.49176530929351875,0.986996495734125,0.5095407661770643,0.9771692107233274,0.48295048879507585,0.9791901864860344,0.5040442531548346,1
1.0,0.9263551162783175,0.5271305852543107,1.0,0.5403451008944329,1.0,1.0,0.9573648795971867,0.4961248430510632,0.9186050967186435,0.5193802419654123,1.0,0.6357644799873313,1.0,1.0,0.9069749763607261,0.5232551265747326,0.9534908189082894,0.5581409291461199,1.0,0.7533504673865733,1.0,0.0,0.9030990420879705,0.5193800420525937,1.0,0.8580657226382561,0.922480858991451,0.5348858709593849,1.0,0.9365863178464771,1.0,1.0,0
1.0,0.9518701260371306,0.49198067398271345,1.0,0.5401050878074181,1.0,0.5080203196358921,0.9652398675543702,0.5026747243867803,0.9679150381600241,0.49198025680991614,1.0,0.4999992576903283,1.0,0.5320848946551799,1.0,0.524065095576839,0.9572208722663393,0.5213908642616144,0.9839554093322072,0.5106949913984289,0.9946506144850009,0.4919800410887734,0.981283694671325,0.5267402629431223,0.9848700364001837,0.5222603879335238,0.9385057487812815,0.5053507686915353,1.0,0.5454555025717271,0.989303708814183,0.532084356844627,1
1.0,0.39749961365402664,0.6437506069729048,0.6150002781256514,0.5500000921620761,0.6412500889855695,0.6587501497154105,0.6612497654819915,0.6749994556684271,0.6814246559286657,0.3269155595140899,0.5462501796561429,0.6374992576903282,0.4524993471732602,0.6049996676819556,0.4562500386262646,0.6174999006477765,0.32906322803677446,0.6570410070075265,0.2600004268800254,0.4599998445499202,0.6495397777529562,0.6658797032536085,0.21000023137971727,0.3799998474512924,0.6609499562645457,0.35762515160098896,0.26499966886559106,0.5925007810099029,0.36448112102318514,0.3438603383946157,0.7022247135808664,0.5152492606130998,0
1.0,0.5293300673722675,0.4958105626528468,0.533520379332197,0.504190148795672,0.4999991378560747,0.4944154849998177,0.5027944405287684,0.48044470679882234,0.5083794837464893,0.46229050693980556,0.4972051414943782,0.5265342798606437,0.5321242982112547,0.48323994050361074,0.5,0.5474851468425863,0.4678749467672036,0.5377108746431353,0.4762547985888566,0.5125700043526022,0.5139645527738617,0.4972050403635223,0.5041899974548232,0.502795200817661,0.5516748136694135,0.4958104499489851,0.5153655004016805,0.4986057639800772,0.5223450278027009,0.5000005058714471,0.5237450869710655,0.4832393927543597,0
1.0,0.5192589423850524,0.5128405669789082,0.5021415675161716,0.5,0.5099852277796567,0.49001541417791916,0.5106995989108223,0.4750347767393813,0.475749338454395,0.49358024691358027,0.5071352264787334,0.4885892157250881,0.4999993471732602,0.48359494784898555,0.47645991829772505,0.48573520645392043,0.49143985320273553,0.5178310407474696,0.5107000527501746,0.5021399724335193,0.5256797674285214,0.48859003267586026,0.5256799671440802,0.5092701307088175,0.5199697710450901,0.5078452996130565,0.5099855740574907,0.5035657737331765,0.4871598955327089,0.4907304835052526,0.4928651321291186,0.5099842638797499,0
1.0,0.971664975703131,0.6928706066197567,0.7413150716550452,0.822670949131142,0.6078602400652077,0.8875702360556369,0.22029480815159244,0.8244944369313247,0.13162447200320965,0.7102399861451298,0.11974587444166601,0.4999992576903283,0.1864701658179919,0.34460533221491124,0.3080460054262177,0.18921630966101022,0.4360148049800847,0.15356605242668053,0.7495449154015265,0.18189991087528756,0.857405065010732,0.31170027876016343,0.8692840533098869,0.4725800308656885,0.8004899300052059,0.6519205542064633,0.7276056678693085,0.8025606965338399,0.5137101889897876,0.7723963669699329,0.3921407216925908,0.7522848987104345,1
1.0,0.9260450440832576,0.6962606054720262,0.6944350436241384,0.8821592652839283,0.5442901808950384,0.9945139066088287,0.28687510458235516,0.9437185346110207,0.11885281004737884,0.7499000470075954,0.034540643352536045,0.5538392998535175,0.07049875962919443,0.34478020026172906,0.1698505009053996,0.22369153121646862,0.4036996793506851,0.06968595899299247,0.6422200200633613,0.09751901672642856,0.8232450724974566,0.3238502132238336,0.8890690437076286,0.3833798183144893,0.8584899305214108,0.6067155456673056,0.6891505659518962,0.791550361804425,0.5983352668544945,0.8315756226455793,0.44392509198862684,0.824664026807605,1
1.0,1.0,1.0,1.0,0.7562502016045418,0.8125002001405541,0.0,1.0,1.0,0.5124994928526027,0.5156253247235212,1.0,1.0,0.4999993471732602,0.5,1.0,0.0,1.0,1.0,1.0,1.0,0.6562498150960143,1.0,1.0,1.0,1.0,1.0,1.0,1.0,0.02812558934296475,1.0,0.5000000000000001,0.4999992740777861,0
0.0,0.0,1.0,1.0,1.0,0.4999991378560747,0.500000260374627,1.0,0.0,1.0,0.0,1.0,0.0,0.0,0.0,0.5,0.5000001912530302,0.0,0.0,0.5,0.4999999740916534,0.4999996981159415,0.5000000000000001,0.0,0.0,1.0,0.0,1.0,1.0,0.0,0.0,0.5000000000000001,0.4999992740777861,0
1.0,0.9583351064187186,0.6458355037212956,0.9166649771183167,0.41666497702860245,0.8541651527829882,0.6250001301873135,0.9374998098502635,0.4583349260071949,0.9583350238246576,0.5208352507484104,0.916665059353412,0.5624993071776397,0.8541637289463376,0.5,0.9374999227474708,0.5208351547907641,1.0,0.5416659745652738,0.833335061181055,0.45833497419528674,0.8750000754710145,0.5833347838356028,0.916663967236632,0.4375000317809807,0.9189798450404718,0.5275153388574305,1.0,0.6041656401360354,0.8541655475103297,0.5000005058714471,0.8541645760160562,0.520834248541716,1
1.0,0.5929501129673138,0.4166654895070938,0.49999974006948467,0.5,0.4999991378560747,0.500000260374627,0.5,0.4999997580748565,0.4999994365028918,0.5000002474083971,0.557690309518758,0.40464413674333904,0.4999993471732602,0.5,0.5,0.5000001912530302,0.5,0.5000009343368804,0.5,0.4999999740916534,0.4743597793831301,0.4671450950606443,0.5392648487933548,0.5448701683374987,0.5865398041673732,0.445515223351915,0.5625006118787991,0.5480756677952153,0.5128201025242453,0.4759604752623727,0.5841350978424485,0.5977540903375071,0
1.0,1.0,0.6203856816195361,0.9990749072957816,0.5018450847660696,0.901220229246533,0.3493355239518619,0.9495948542945951,0.38257001918466393,0.8532149200510303,0.37961552735099835,0.8692750353557066,0.34730417870857916,0.8574588719153936,0.3196104315780065,0.7359700136582471,0.1940547629455947,0.702365383651895,0.22470542434466653,0.8052051920807658,0.3033595353078948,0.7658798561824346,0.336595381073319,0.6198298202179596,0.23928942812032022,0.646039895922782,0.2580497718766071,0.5638856175368783,0.3042857759682618,0.5782850334032449,0.24335523731020192,0.5917649272453587,0.2669848235423599,1
0.0,0.0,1.0,1.0,0.0,0.4999991378560747,0.500000260374627,0.5,0.4999997580748565,1.0,0.0,1.0,1.0,0.4999993471732602,0.5,1.0,0.0,0.5,0.5000009343368804,0.5,0.4999999740916534,1.0,1.0,0.0,1.0,1.0,0.0,0.0,1.0,0.0,0.0,0.5000000000000001,0.4999992740777861,0
1.0,0.9612350031193861,0.4027605127707099,0.9820949463789339,0.4116299323991171,0.9351202210438494,0.3869903817612781,0.908509834544376,0.364649898028552,0.8963548499069103,0.355455602563151,0.8515100759875488,0.2518038125024744,0.8166888627758193,0.2501644401357691,0.6862699388777989,0.14635576044191867,0.6353503344272151,0.13945497015312744,0.7025301788932221,0.22913859929114766,0.6675448373297752,0.2015459716914703,0.5737499710775353,0.1819931505630318,0.5465597399979506,0.20205489812138527,0.4641905491360271,0.2253600900129787,0.49079996342501847,0.22962968669352668,0.46271507568155207,0.26051006573108565,1
1.0,0.9208850545450836,0.7173004935241508,0.7500001299652577,0.8807998746595763,0.5495802960208116,0.9672995505933937,0.311178776247002,0.940929137706211,0.13818357834187583,0.8059048962121774,0.030589763675176657,0.5970443703234491,0.06645449797623708,0.37236511898131913,0.18565636838950103,0.17194144179946746,0.37447456098599663,0.07173111860887622,0.5812249017413657,0.06750937882148113,0.7573848387788186,0.1656104372868751,0.8744739003678937,0.3554847616553568,0.889684962772598,0.5396654190237584,0.8206757445485198,0.7141356442760228,0.6571752398804456,0.8122369532672362,0.4978900108713832,0.8470435061574596,1
0.0,0.0,1.0,0.0,0.0,0.4999991378560747,0.500000260374627,0.0,1.0,1.0,0.0,0.0,0.0,0.0,1.0,0.5,0.5000001912530302,0.0,0.0,0.0,1.0,0.4999996981159415,0.5000000000000001,1.0,0.0,1.0,1.0,1.0,0.0,1.0,1.0,0.5000000000000001,0.4999992740777861,0
0.0,0.0,0.0,0.49999974006948467,0.5,0.4999991378560747,0.500000260374627,0.5,0.4999997580748565,0.4999994365028918,0.5000002474083971,0.500000311092888,0.4999992576903283,1.0,0.0,0.5,0.5000001912530302,0.0,0.0,0.5,0.4999999740916534,1.0,1.0,1.0,0.0,1.0,0.0,0.5000005758859285,0.5000007619608808,0.5,0.5000005058714471,0.5000000000000001,0.4999992740777861,0
1.0,0.9683450133000069,0.4990504736595831,0.8038050448354146,0.7160200729002023,0.9615700576922082,0.29935557279814196,0.9656148428349044,0.5841396537083496,0.9809850718346113,0.54530517825775,0.9983801393322826,0.5408592729324202,0.9579285807546677,0.525484897863768,0.9231399136007713,0.37338031037634617,0.9368959643277637,0.4275909680768233,0.9243550300188133,0.6306651190747611,0.8754052038773988,0.4817950624902751,0.9227339248941437,0.4870550472011126,0.9364649931822246,0.48849031541256094,0.9927208018635669,0.5469258688258944,0.8915854683026351,0.44903049865571726,0.9292045597089814,0.42637439321098813,1
1.0,1.0,0.0,1.0,1.0,1.0,1.0,1.0,0.25000060481285885,1.0,1.0,1.0,1.0,1.0,1.0,0.5,0.5000001912530302,1.0,1.0,1.0,1.0,1.0,0.0,1.0,1.0,1.0,0.8125015469488669,1.0,0.12499968251629963,0.12500071435510876,1.0,1.0,1.0,0
1.0,1.0,0.5454556490416449,0.9772747949018268,0.45454497278914696,0.8863652430864062,0.500000260374627,1.0,0.4999997580748565,0.9772750068746646,0.5000002474083971,1.0,0.5227242517518509,0.9545436741088914,0.47727494619885447,1.0,0.5000001912530302,1.0,0.5000009343368804,0.9318202469196033,0.5454551578336477,0.8863651046179205,0.5454550489346721,0.9545437191975751,0.5227251809609043,0.9577050152654674,0.5144854916822278,0.9772755412607871,0.5454557922996233,0.9318205197076287,0.45454552457841907,0.9318194409600268,0.5227242455677765,1
1.0,1.0,0.7272755965991861,1.0,0.7727253247561161,0.9090901253237043,0.8181798772073259,1.0,0.45454492670877783,1.0,0.5000002474083971,0.9090899475310734,0.2727245734193753,0.8181789398093745,0.6363647614529403,1.0,0.18181953662122954,1.0,0.3636358681546847,0.9545452050701151,0.2727244699152279,1.0,0.5387500362625568,1.0,0.4545449853426116,1.0,0.5443354170161625,1.0,0.6818206293288902,1.0,0.8181815847386031,0.8636347006188326,0.6363642537168389,1
1.0,0.0,0.2016165343833597,0.49999974006948467,0.5,0.0,0.8225807291531054,0.06451400262660167,1.0,0.4999994365028918,0.5000002474083971,0.500000311092888,0.4999992576903283,0.4999993471732602,0.5,0.5,0.5000001912530302,0.5,0.5000009343368804,0.0,0.0,0.4999996981159415,0.5000000000000001,0.6491945093593096,0.6169354490144081,1.0,0.7580654476251242,0.5000005758859285,0.5000007619608808,0.5,0.5000005058714471,0.5000000000000001,0.4999992740777861,0
0.0,1.0,0.0,1.0,1.0,1.0,0.0,1.0,1.0,1.0,0.0,1.0,1.0,1.0,0.0,1.0,0.0,1.0,1.0,1.0,1.0,1.0,0.0,1.0,0.0,1.0,0.0,1.0,1.0,1.0,0.0,1.0,1.0,0
1.0,0.987335068841751,0.5654104902575331,0.9705997792670064,0.6001801768590243,0.9439150743894728,0.6612401122735391,0.9450449513977274,0.6635544609786841,0.9277500912865315,0.7260850095252234,0.8614899358339809,0.7614194445544163,0.8497287504896199,0.7941003233798349,0.7927398073012911,0.8344642928108731,0.7443454244845813,0.8519906566311966,0.721225084689948,0.8407958007751777,0.676444862386152,0.8781103383889932,0.6341597445567921,0.8810501453026439,0.5840648601046192,0.8927063767294889,0.5374855668589166,0.9021947013240339,0.48518998988473167,0.8885105552516903,0.448555099096839,0.8712096908273875,1
1.0,0.8814800049472193,0.46111047348300915,1.0,0.35184992327507153,1.0,0.07129578036879461,0.8999999999999999,0.5305546617765532,0.7277797030595637,0.2861104925901185,1.0,0.4370942040460826,1.0,0.08240570761970895,0.7462949686972752,0.5092601736676866,0.9111109371477243,0.4703709317415002,0.9910751583267523,0.40030986382573014,1.0,0.6101848994801928,0.848148962261968,0.3675948408027113,0.9607400415699751,0.37725503892810885,0.8944455802194701,0.5101857660627703,0.9374604961624844,0.36447524182966257,1.0,0.21481443320696042,1
1.0,0.532020180075796,0.42364545719406355,0.47783546502348995,0.5295549954149367,0.5418702660600786,0.48768532164077677,0.4926095135716205,0.5935946447450231,0.5320193144268783,0.5000002474083971,0.5615752375038653,0.45073909299655573,0.529554119336728,0.5,0.5098500064892124,0.48522021420339384,0.4359596933790927,0.396550999221386,0.5344848930208166,0.5073899931601965,0.5344848197601229,0.5147800906695783,0.5394100395659316,0.5812802396031699,0.6403949379921852,0.47537029143141585,0.4704455341485958,0.45320087066729986,0.5221650103152877,0.5270954504952148,0.5369451935942465,0.44581435593137,0
1.0,0.8092850944612795,0.5542505760724659,0.8534698904288905,0.46532494044025824,0.8517900694321452,0.5083903119808781,0.8713649708690604,0.5011198714893639,0.8551448976463852,0.5788602439446795,0.8579400548892292,0.4988793598321391,0.8987687687687687,0.5329998922831166,0.9183450036154184,0.41722544013035007,0.8434006989153036,0.45470101219828707,0.8126402224654761,0.4932899454888387,0.8048099187026231,0.5587250348779865,0.8562640273953585,0.4524599750328615,0.8492248281102438,0.4916353105860805,0.8165555686729572,0.5240507872325835,0.8942954458433104,0.47427546112621877,0.8260646638233818,0.4765093913259321,1
1.0,0.626580005718667,0.6797456452453053,0.49999974006948467,0.5,0.3519000543643327,0.0,0.5,0.4999997580748565,0.5379743518656261,0.4632902842722482,0.500000311092888,0.4999992576903283,0.4999993471732602,0.5,0.5,0.5000001912530302,0.5,0.5000009343368804,0.5037949634255293,0.8405056272928887,0.3999996981159416,0.6683547875805359,0.4481000832966982,0.6784804623242829,0.5278498958943907,0.0,0.5000005758859285,0.5000007619608808,0.531645074092912,0.0,0.5000000000000001,0.4999992740777861,0
1.0,1.0,0.75,1.0,0.6250001152025954,0.6250001539542723,1.0,0.5842545876793112,0.9558994655873582,0.43331800621199207,0.902268735000866,0.3294660339452115,0.8039634387742984,0.28089828959394175,0.6892796490721451,0.28168435234569583,0.5835450363629138,0.31661927904005616,0.503390942123021,0.36761474687539075,0.4548749145024561,0.41910956278131817,0.43518021831377796,0.4610900298479836,0.436279896368578,0.4895557567033714,0.44879024473418605,0.5051654088358177,0.4648207741014576,0.5111199373653441,0.47929047035773076,0.5112450869710654,0.4899142709282204,1
1.0,0.9352402026767244,0.6901356970697555,0.8204950272693103,0.8460593800257132,0.6567351791916883,0.933125380797892,0.48033344657806537,0.9537003660327422,0.2891331836685014,0.896729260991118,0.14719671087711395,0.7577994477216042,0.09475453714584146,0.6136747729351016,0.0943191580092332,0.43730526964193456,0.1626293243818733,0.30949104593822996,0.3083293440378582,0.18569548365701494,0.43493462700715163,0.14618953053834738,0.5777597815775469,0.1678951075087016,0.6927197825951733,0.2421597881298832,0.7628657235574777,0.3505157205229083,0.7811953161164228,0.4703104818104549,0.7572997679377822,0.583224171804713,1
1.0,0.5000001244270447,0.5000006621522597,0.49999974006948467,0.5,0.4999991378560747,0.500000260374627,0.0,1.0,0.4999994365028918,0.5000002474083971,1.0,0.6866644067461104,0.4399993471732602,0.44000009167394327,0.5,0.5000001912530302,0.0,0.0,0.5,0.4999999740916534,1.0,0.0,0.5,0.5,1.0,0.6133356617778498,0.5000005758859285,0.5000007619608808,0.5,0.5000005058714471,0.5000000000000001,0.4999992740777861,0
1.0,0.8116750891333135,0.4825505222174155,0.7954250669710973,0.5024049693791502,0.8020451039215971,0.46269534606391677,0.8158848554608469,0.5048147942063766,0.8122748829053008,0.4626955144857617,0.8351400571290979,0.5360992863929689,0.8146788092440266,0.4578799483875699,0.8375450382245515,0.5457300898144101,0.8357408126456074,0.5000009343368804,0.794824994435314,0.5505401890272971,0.7502999218120289,0.5156451174774975,0.8297241953770332,0.570395380825136,0.8023149721855932,0.5100954570580746,0.7569205651744503,0.5222606871363223,0.8086654132115692,0.49518549047703425,0.8068596859842783,0.45426924220745923,1
1.0,0.8722450296994914,0.4880505796039446,0.8538600461324679,0.5165451663295071,0.8612150268237608,0.5845602532924371,0.8961399603474417,0.5386047209272508,0.907170049903304,0.7196699571983474,0.8189352285941649,0.5027542163189359,0.8538588588588588,0.6084546294195434,1.0,0.5303302467909232,0.8051457326085323,0.5257360498313003,0.8373151075890122,0.5211400190685431,0.7601099461740725,0.37500019779576405,0.8648889955806474,0.42095485321000614,0.8086348679328655,0.5356205258801108,0.6544105663550164,0.5432006420790355,0.7795803020864884,0.5372906860592614,0.8014697273791603,0.608454183770721,1
1.0,0.7500001866405669,0.5000006621522597,0.6934800589106521,0.5521750941205203,0.7456500528247899,0.5326103597856596,0.7347847251448941,0.480434787867938,0.6782597744208376,0.4369553922660135,0.7282601445835306,0.5239142731303694,0.7521739130434782,0.5130449271077558,0.6782599331302107,0.5978249314469657,0.710870387534758,0.5739159096807683,0.7108701949317145,0.48695494020353597,0.6608698185374925,0.443480256026837,0.7369545223165737,0.4956500736047514,0.7089448747441882,0.5345402742980978,0.6934805681690571,0.5195658854874391,0.6760852557105547,0.5739155220362224,0.7239146910018398,0.5869542411419928,1
1.0,1.0,0.5490105238065809,1.0,0.6255051633803207,0.9919500390058544,0.6652201988220652,0.9018249304051964,0.7650993949452162,0.8748850465899408,0.80148494519904,0.7846851459990032,0.859708420760917,0.7765537276406841,0.8703936708309555,0.6472600072926388,0.9109655049079998,0.6056852626568802,0.8988865818842461,0.5485451013992518,0.9108105167160653,0.49132958795844867,0.899348328889522,0.42428011985469355,0.8779813738028104,0.3858037476986943,0.8459348933911593,0.34143412872778156,0.804739904653295,0.2985461444826069,0.7726120685006432,0.2859252174276635,0.7226691457300554,1
1.0,0.8831351334940434,0.6055305163904756,0.8196750504655095,0.6905600689372331,0.7420450595827667,0.7625000650936568,0.5749996197005269,0.6113646271570652,0.5687643973511127,0.7978250327816125,0.4613653742416333,0.7227245734193755,0.4999993471732602,0.7431793440270988,0.3625461197599609,0.7100698446131224,0.21931912122047142,0.6840908383078121,0.31704379484145984,0.5943201131676582,0.29733466564831107,0.5379398648131886,0.30758462713158563,0.4838550583880178,0.33028849913703456,0.43757009397198715,0.3623013553475327,0.40143070854742313,0.40019001845893604,0.3767602143662355,0.4405301367285499,0.36390925503989063,1
1.0,0.739690161727784,0.4381454880945024,0.7139202148481667,0.43814496172969786,0.8505150817300124,0.3041256359650265,0.8659799303291366,0.5360797482043107,0.6314447164257153,0.3917556099854029,0.7474252397126248,0.5798942951027357,0.7268040866953911,0.4407201904984541,0.7113399296692974,0.530930085840321,0.7500006262681931,0.3634009862444848,0.7731949835498734,0.5927850436296558,0.7113398822048403,0.5412348785138419,0.8530941252689789,0.5979403382004846,0.7669798739479423,0.4377652157890539,0.5773204603632113,0.3685559063397685,0.7371153197739209,0.5206205270820976,0.7268047541394882,0.24226834300058778,1
1.0,0.9180451316798971,0.5660755118436968,0.8608550362317146,0.5302950568870415,0.8291452434164842,0.5415752925308934,0.6194396414029502,0.5648047301204062,0.7191847098440691,0.6016502140082635,0.7470901926722692,0.5634292974781266,0.7237338425381903,0.5675348189095843,0.6467600289233469,0.514610166713031,0.7407904130865002,0.5787809499091617,0.6641750391052595,0.5730801915144984,0.6474748907934419,0.5731899709635819,0.632179712626391,0.5726503049702911,0.6182048409172856,0.5715705174922103,0.6321456645867587,0.5806858155902276,0.5938351154112114,0.5681606565543734,0.5832750564475665,0.565989139267006,1
1.0,0.938860034257254,0.45924055550160237,0.9171198555202223,0.5366850914017391,0.9239150596098626,0.5203803031802157,0.8858698463083063,0.48912981945126544,0.8858698592158825,0.4714653999356739,0.9116850844026115,0.44700923433231726,0.8396735866301083,0.49728507616958756,0.9402148856353557,0.3953803699876803,0.9171209198627219,0.5163059953283157,0.9320650931055827,0.4701097995730305,0.9864152173716163,0.3600552773228476,0.9252689789213078,0.40624992054754816,0.9185248104818488,0.44894524213531195,0.9293506022327098,0.4836957744189413,0.8926655732271136,0.44565040431197633,0.8953796621508614,0.4972842781640257,1
1.0,0.7339252078989276,0.5565405193039455,0.7949000593161436,0.5033249773050887,0.7771601471753579,0.5343703100020308,0.7394697357679261,0.4301547595143111,0.7649647645258284,0.506650337712462,0.8192901855793514,0.41906919315887414,0.839243700221961,0.4833698883182186,0.772724913013652,0.4323754123117275,0.7649656178761993,0.47672094471840126,0.7394699369742134,0.40243978900242505,0.7538799648606955,0.43237521065248874,0.707314462389227,0.39911496324847384,0.7696498840732999,0.4427252151290224,0.7993357155814576,0.48559077366967973,0.7682954915620375,0.4412403351590927,0.7815946960194012,0.4778242472069558,1
1.0,0.9405801137213416,0.6373756257338854,0.860624997725608,0.7144051629195102,0.8077951112498205,0.8183100645208327,0.6941246266726838,0.9525100943266136,0.5491544162395358,0.9806402929315422,0.39951544171768066,0.9459994457421118,0.32131479305392346,0.8875000286481073,0.17443003083920966,0.8110494575368595,0.10615872141085701,0.7276758370101221,0.09072115281999997,0.5954751072605551,0.0802830464931638,0.45960509416397005,0.10833198361831609,0.3682197820078969,0.1622147871519714,0.27244478423844737,0.22634044648436033,0.19570965226645265,0.34743946554808186,0.1665010387055854,0.403440688242181,0.1220134740529642,1
1.0,0.9657350316131793,0.6464106933175593,0.8995849429530497,0.778780142759056,0.7997601761926592,0.85797865969557,0.6310146897009832,0.9632539899504297,0.5231794535430444,0.9837403201464658,0.3838139614755011,0.9756497683993826,0.22036819428123774,0.9050899665160922,0.13335640608873534,0.8119237571036838,0.045022420401312664,0.6810010381520893,0.03873021487310989,0.5302000642526996,0.03190914497378128,0.4008101714493683,0.08404000555311328,0.26546958305895757,0.17417525308877616,0.1522197684939456,0.29388610703991747,0.07137541558616381,0.4320499705685695,0.030234164554589223,0.5500350183977254,0.02588498113773083,1
1.0,0.9173951247990815,0.6449656563694632,0.8462799524431129,0.7385101539567483,0.7461700487751767,0.8419057339700361,0.6099547190093959,0.9338044422294856,0.45951949474595294,0.9250550483683416,0.32221134779749344,0.8884036383071381,0.23632327980154066,0.7921247499020234,0.14825069372771266,0.6564549139609743,0.12089481199428843,0.5196958214378407,0.143873814264501,0.4234149273529961,0.2084237727658315,0.30416030423625784,0.3140054142853837,0.23522934426938066,0.4152506522893297,0.19568476894771727,0.5421254797849642,0.1925602139586153,0.6258202225359035,0.2576601006093569,0.702954873306573,0.32330444475146536,1
1.0,0.6666651735421318,0.3750006621522597,0.7222200561345941,0.6111101382891954,0.6944451081584186,0.5833352427472648,0.7083346432537408,0.5694446608330451,0.7499997464263013,0.4444454340780326,0.7745550282876762,0.4577841066550537,0.7916637289463376,0.6666646040029427,0.7777800095175117,0.5138901611493064,0.6250003131340965,0.4027809499091617,0.7361100862602565,0.47222003440628435,0.7638898364694057,0.4861100430139855,0.6944444862213378,0.5416651199922708,0.7077147586316545,0.42872017138818375,0.597220486566021,0.4305559012600293,0.6846202773983759,0.42595531383288776,0.5416650986787089,0.2500005854211403,1
1.0,0.9189449880662023,0.7145205576204896,0.8605649537765564,0.7919256805017303,0.7281251300913602,0.8905749592513708,0.5823495408517694,0.913659335528401,0.43493806039787397,0.9347336648605854,0.2691140136768877,0.8924838671364663,0.2028234756495626,0.7603494152348342,0.10764985445623486,0.6326449052179788,0.07992747814324005,0.5196407993771087,0.18979390842203805,0.34324465769892426,0.26293799603324347,0.25547538233921185,0.3135108401397534,0.1610202457559678,0.47473035395390956,0.18654415748351982,0.5734505069235886,0.2704458233114312,0.685465273769452,0.30416535063054184,0.7415948005519318,0.37843425603510655,1
1.0,0.9621801509499135,0.684620630898673,0.8598800368685443,0.8421010188517526,0.6465150787740905,0.9703901974160422,0.444458529610117,0.8826348551231279,0.3419751249836585,0.9622652712833074,0.16691999997511253,0.8938299220079972,0.039274056665361004,0.7115694808275407,0.02842584066202328,0.5479250288121448,0.0,0.5159558785362056,0.16784617683200137,0.1686089290525836,0.2699507627100735,0.10913051619419857,0.4325701658992573,0.05958806764009691,0.5988247048405301,0.07431404849581565,0.7445205893616592,0.14876524239245556,0.8494305161072789,0.2697601861196065,0.8803295910687405,0.4340293600410264,1
1.0,0.8968900455626952,0.6474606460840315,0.8203200420463602,0.7615601196263749,0.7065951793345578,0.8407887268201488,0.5708845258679702,0.9177381934481833,0.41584396088879266,0.8938593235854425,0.28544639029589286,0.8616384259075974,0.21417613265439353,0.7073545421001125,0.12281916109933437,0.5837750367603226,0.15011335454294947,0.45072099662600573,0.21152515085635187,0.38248466225879335,0.2968154250678484,0.30856534776451233,0.4128152548647585,0.23729943023057734,0.5076151827197335,0.2564648711975997,0.5951504645959728,0.3097058577012656,0.6550402324797265,0.38400521792274295,0.6728598767561466,0.459819268785579,1
1.0,0.9475251336408673,0.48416065579559797,0.9376249940865807,0.5277251173914446,0.9475249941682122,0.5069303914472142,0.9643550374468215,0.5138596495472372,0.9564349115760338,0.49505034760879785,0.9702949844982414,0.4920793083653352,0.959403642773208,0.516829915041173,0.9683150296340702,0.5000001912530302,0.9712859164808738,0.5069309369322607,0.9524751418613798,0.5039599773042884,0.943565190352993,0.4910900392690524,0.9465339318355352,0.5118802390946743,0.945009989853994,0.5080554096458105,0.9405956388158635,0.5009907777334711,0.936635558882863,0.520790546110054,0.9336644401237666,0.5118792486939254,1
1.0,0.9503551023424885,0.5088655786769315,1.0,0.49113516029289106,0.9503550431847892,0.5035452609214137,0.9237598434180303,0.5283698358054051,1.0,0.5177302753655459,0.9893600010452721,0.5053191436715626,0.9875884580232406,0.5177299239793826,1.0,0.48404522513213843,0.9485808762744558,0.48404593822995073,0.9308500096048007,0.5390050158559081,1.0,0.5460998631253313,0.950353721742752,0.5230501097079455,0.971524851003928,0.5162354002403614,0.9734058757641286,0.5124108188285613,1.0,0.5053205093637575,0.9680836051179127,0.5106392564683182,1
1.0,0.9405500023765566,0.5000006621522597,0.9740849276171494,0.48628006211723934,0.9679900740138244,0.4939004639875853,0.9512200007098924,0.5091447704251352,0.9512200275888184,0.5091454513966204,0.9695100971418651,0.5045743596341898,0.9786584410497454,0.5015249960465611,1.0,0.5137201694948932,0.9710360354718305,0.49390093433688037,0.9542701723680561,0.5121949810350903,0.9573151035613262,0.5274400744766984,0.9984728938661236,0.524390250103606,0.9483299612252741,0.5111303314733279,0.9542706260743872,0.5045757782795431,1.0,0.5274405729443516,0.9878036670011707,0.49389927946366063,1
1.0,1.0,0.5055255723202698,1.0,0.5055251164698238,1.0,0.5116004707573256,0.997240039956798,0.49281966174026437,0.9972399911643653,0.498895321507212,0.9917149742072886,0.5115993309315493,1.0,0.5044200591755303,0.987844778038033,0.5038651740650956,0.9895059370224706,0.5082859330391903,0.9900536954089054,0.5033149755425208,0.9906114057834948,0.5104950432381541,0.9856336333557,0.4966851165853497,0.9901650074552882,0.5080004070194352,0.989504478952809,0.5077357570462332,0.9928193024465234,0.5104955229093001,0.9933700242515471,0.5138092651091343,1
1.0,0.8292251007174712,0.718085585386741,0.7234050793541871,0.8740213539530619,0.5265950463180665,0.9255302529279127,0.33986349784243436,0.9106933332688201,0.15873431787548056,0.762039882233603,0.07894604218295126,0.5355542826319333,0.0859446402924664,0.35638520474229307,0.26484021086850384,0.14137573023884276,0.4762049400035071,0.06999221385933038,0.616459883949616,0.11841927995523036,0.7833148680917608,0.23936056585412172,0.8714989356533007,0.40677494234930095,0.8737899836130776,0.6185655865067557,0.7259255206728651,0.7953550864698605,0.6027451238120274,0.8838216148341024,0.4073345250041813,0.8717787201757201,1
1.0,0.6767300771771186,0.4311606646242948,0.846934977341857,0.48788506467473697,0.8409750897060754,0.482130489348074,0.7785847788938863,0.4694046947993352,0.8091798750388812,0.4476654543655212,0.8104949674503511,0.4673641078427492,0.7968037602820212,0.4635550238466845,0.7113549166599714,0.36795543059253666,0.7910656579573637,0.5249608097586297,0.7486801784358507,0.4561449416544034,0.7312048494655143,0.4550551058998521,0.7250394213193272,0.497180137141288,0.6957297729653722,0.4548102546896614,0.6779405455367401,0.4484708715054569,0.6611602269934794,0.45681552640161055,0.6447148352567319,0.4584992611985211,1
1.0,0.9530399891101451,0.49171559236141155,0.9906097502015762,0.4900550207595077,0.9784550233062136,0.4817703912389145,0.9287298504662472,0.5005496539260822,0.9486200519318935,0.4834253692570326,0.9453048928067235,0.49281914367156265,0.9530385820603212,0.47735011883234896,0.956904831064169,0.4955801921472002,0.9038659535559508,0.43536101738904753,0.9436451285366249,0.5060749813459905,0.9607749967547464,0.48840004325134045,0.9552488488859067,0.4895050557184154,0.9457349995392872,0.4612002673127642,0.91491573349151,0.41381079495378703,0.9801094963510741,0.4812154781255537,0.9370139237330657,0.4187842910432908,1
