@relation ionosphere
@attribute f1 real [-2.8659, 0.347937]
@attribute f2 real [-3.2978, 0.720619]
@attribute f3 real [-2.36586, 2.16482]
@attribute f4 real [-3.0798, 0.767382]
@attribute f5 real [-2.42158, 1.9186]
@attribute f6 real [-3.14642, 0.913227]
@attribute f7 real [-2.14952, 1.6911]
@attribute f8 real [-2.98156, 0.9627]
@attribute f9 real [-2.44155, 1.69196]
@attribute f10 real [-2.61968, 0.929584]
@attribute f11 real [-2.33428, 1.70762]
@attribute f12 real [-2.25142, 0.963054]
@attribute f13 real [-2.20948, 1.83196]
@attribute f14 real [-2.05898, 1.00462]
@attribute f15 real [-2.33683, 2.02646]
@attribute f16 real [-2.23609, 1.00005]
@attribute f17 real [-2.00576, 2.02032]
@attribute f18 real [-2.17062, 1.0229]
@attribute f19 real [-1.88022, 1.97278]
@attribute f20 real [-2.19192, 1.08769]
@attribute f21 real [-1.94589, 1.91387]
@attribute f22 real [-2.25662, 1.05591]
@attribute f23 real [-1.78706, 2.00473]
@attribute f24 real [-2.41358, 1.04394]
@attribute f25 real [-1.82659, 2.10658]
@attribute f26 real [-2.98649, 0.887941]
@attribute f27 real [-1.69167, 1.94452]
@attribute f28 real [-2.39361, 1.0793]
@attribute f29 real [-1.91367, 2.02354]
@attribute f30 real [-2.36667, 1.13299]
@attribute f31 real [-1.93975, 1.95452]
@attribute f32 real [-2.58171, 1.24485]
@attribute f33 real [-2.16613, 2.1043]
@attribute clase integer [0, 1]
@inputs f1, f2, f3, f4, f5, f6, f7, f8, f9, f10, f11, f12, f13, f14, f15, f16, f17, f18, f19, f20, f21, f22, f23, f24, f25, f26, f27, f28, f29, f30, f31, f32, f33
@outputs clase
@data
1.0,1.0,0.40585563314999074,0.9651750294111379,0.31921947937643136,0.44565943787723417,0.032015664137561115,1.0,0.47725468185634007,0.7543697510244377,0.16128553403102505,0.6721601730174205,0.15146333979967538,0.24157527092309705,0.012426403012405761,0.5274951021896457,0.18881641696141155,0.6655452917157244,0.0,0.4342449254636985,0.2734993885630194,0.40971945914452096,0.32133029519039824,0.39834042897799576,0.3671547377814841,0.3976609726692771,0.40799518176992955,0.40480029715713906,0.44203585787905647,0.41686992450695215,0.4685604747487976,0.43131010620505106,0.4877642766653476,0
1.0,1.0,0.4831755939505769,1.0,0.5024250146307295,1.0,0.4396904666434065,0.9448248847692596,0.5059898246284635,0.8654098427166871,0.5267302506247062,0.9272151524635135,0.5041341699988124,0.7729537145841494,0.5014949728301351,0.9188749559660584,0.43178029249294597,0.8776757308549814,0.45730080456786926,0.8544351310064308,0.3624896366613468,0.7169248278506157,0.4396902254607982,0.787639117054999,0.2988996153230091,0.7949198992058446,0.3892750378830589,0.7155005744462136,0.4131758275530134,0.8021804975340462,0.37910031918690795,0.7802247972068908,0.3088094173186307,1
1.0,0.9879400331324335,0.44699051797964107,0.9730049163257677,0.39599993548654666,0.9640301238014044,0.3582504908061719,0.9299800216010101,0.3632900367968143,0.8988300109543836,0.26035527845815093,0.8911249554359438,0.24617957955580191,0.8731387909648779,0.1928200967618471,0.7897247955898077,0.159569606167786,0.6892603459505499,0.1317960031144563,0.6816200401877053,0.11718863349016516,0.6594898461296954,0.1012345092950823,0.6139597167912262,0.09182923697678967,0.5682948025142273,0.08744867567426343,0.5230305421102188,0.08802680070405182,0.4786899298789025,0.09340903429911128,0.4308402324803479,0.09512391023854738,1
1.0,1.0,0.5332755789417924,1.0,0.4080600343764544,1.0,0.36340044055386894,1.0,0.284465260759016,1.0,0.29325564709666246,0.9811599036109796,0.24062957757630948,0.9535536623580102,0.2049164735784236,0.9461497339422893,0.1676295552994476,0.849380620757033,0.14501686997145086,0.8532252310488139,0.11839855327792403,0.8154051435005872,0.09728123129181733,0.7793343205534603,0.05435818945023988,0.7360549200643914,0.06749922308790247,0.7015155877923701,0.08162632930425351,0.6549802266505889,0.0545339691392739,0.6149750689914701,0.05420999758806487,1
1.0,1.0,0.41842063443015176,1.0,0.44915510416618665,0.9999950734632839,0.424015393347949,1.0,0.4036148454945071,0.9702749640488844,0.32424602291001764,0.978674893621787,0.35107412209509486,0.9685934847891369,0.32794038443468115,0.9724298083519255,0.359470502324842,0.9506860768055312,0.283085907085388,0.9302151780242164,0.26345938607581815,0.9149351100216451,0.24390037422958552,0.9203990143224046,0.2643145350951014,0.8811198341124155,0.20814973915004442,0.8286157717879242,0.15603180932690916,0.8435705182789185,0.1773143618701323,0.8236345438200368,0.1638687438969846,1
1.0,1.0,0.5369005756310311,1.0,0.5170999820283951,1.0,0.47218548046929926,1.0,0.543819659321013,1.0,0.5982552265023876,1.0,0.6016392671918921,1.0,0.5639249282078431,1.0,0.5528052100306005,1.0,0.6354360238774981,1.0,0.7237903392957076,1.0,0.7087496934165658,1.0,0.6001652610998254,1.0,0.6837156474221644,0.9780155546789293,0.7432064837791227,1.0,0.6624607436053485,1.0,0.7335591497811698,1
1.0,0.8353250868065277,0.5126405749247354,0.8331300676703104,0.5251551778958476,0.7859851361460738,0.5938051668740985,0.5438794602789877,0.6704045714175121,0.8181048239860433,0.5606552611395631,0.8104949674503511,0.5714243190545946,0.893183509596553,0.5548798498380809,0.7918649996600889,0.5907550272225092,0.5719751246273704,0.7061209447184013,0.7694399638981464,0.6066302049868386,0.7570998602276809,0.6131249357163768,0.7441894768504593,0.6186203494890888,0.7308347987097976,0.6230906525786606,0.7171655758427371,0.626530715913045,0.7033152934856529,0.6289607551607874,1.0,0.6651791505773424,1
1.0,0.9803549604956577,0.5354405740418657,1.0,0.5214799847010954,1.0,0.5465652941452162,0.9508450254293581,0.47427972836644894,0.946315067011076,0.5129003686385115,0.9162500614408454,0.46928916425828426,0.937668429298864,0.549154857916847,0.8827198452477335,0.5014001957238802,0.8760308374458279,0.47352592784842984,0.8298050682855583,0.4604750036271686,0.82078984945042,0.4703550776809898,0.7783842175894862,0.46147499345311793,0.7902548787163844,0.4889753010706261,0.7483205726609673,0.4937457742919478,0.7565503506054874,0.49992550593564394,0.7604948047332329,0.49908927204052056,1
0.0,0.0,0.0,1.0,1.0,1.0,0.0,0.0,1.0,1.0,0.0,0.0,0.0,0.4999993471732602,0.5,1.0,1.0,0.0,0.0,1.0,0.0,1.0,0.0,1.0,1.0,1.0,0.0,1.0,0.0,0.0,1.0,1.0,0.0,0
1.0,1.0,0.4288206185384975,1.0,0.4187199609232797,1.0,0.381720399310528,1.0,0.46242975098644984,1.0,0.37495039461639335,1.0,0.36919414862029376,1.0,0.39012511201409944,1.0,0.3069705520009538,1.0,0.26919101998442774,1.0,0.3224045018343109,1.0,0.2016962964721148,1.0,0.26178451478069853,0.9941000368828352,0.25156496222694635,1.0,0.12090033297690497,1.0,0.12119601363028244,1.0,0.07781417796334324,1
1.0,0.830805100214786,0.0,1.0,1.0,1.0,0.1633954934359556,0.9044649693478626,0.297771143652731,1.0,0.0,1.0,0.05312462884516413,1.0,0.8669650653520623,0.5879448973159381,0.854908496602154,1.0,0.8901816766156243,1.0,0.9263399796878563,1.0,0.0,1.0,0.9267867902989191,1.0,0.4571452536858635,0.9799102193837445,0.31875084133180603,1.0,0.8263397247751184,1.0,0.6736590928782349,0
0.0,1.0,1.0,1.0,0.0,0.4999991378560747,0.500000260374627,0.5,0.4999997580748565,0.0,0.0,0.500000311092888,0.4999992576903283,0.4999993471732602,0.5,0.0,1.0,1.0,1.0,0.0,1.0,0.0,1.0,1.0,0.0,1.0,1.0,0.0,1.0,1.0,1.0,0.5000000000000001,0.4999992740777861,0
1.0,1.0,0.5123055700248086,0.998359838447986,0.5243049827426511,0.987725041118107,0.5357153011753311,0.8087248305132014,0.0,0.9551800035162219,0.5557352730151662,0.9423100015741299,0.7681994536600816,0.9103835357096227,0.5706847356008883,0.8846449782765888,0.57594508802607,1.0,0.7050158318193617,0.8292501242525788,0.5818550894356126,0.800690106957522,0.5825799952001561,0.7722292278858836,0.5819501826770772,0.7443348455553861,0.580095374554135,0.7174055763034458,0.5771807955379571,0.6917602852848562,0.5733855125607624,1.0,1.0,0
1.0,1.0,0.532690567420343,1.0,0.6037300296301075,1.0,0.6314050856372148,0.9652548260003144,0.6610645674015546,0.933864880155435,0.6951950815210669,0.8773699833938616,0.7504095075022765,0.8977735344039691,0.7616044315184184,0.8297700346709351,0.8037793585820451,0.7880955810516295,0.8149961069296653,0.7390351291769449,0.8356763114805066,0.7027648655257462,0.8442002326078186,0.6719195550568037,0.8604103051736894,0.6385598298175913,0.8619296571411285,0.5964804731478789,0.8534114258573964,0.5568600949806553,0.8634403880573253,0.5349501902492055,0.8572181255751764,1
1.0,0.9951251972479724,0.47107564427414866,0.9989649566877782,0.43495500186628205,0.9933151823298922,0.4028505814165421,0.9968698818029238,0.37078487774312874,0.9636899368432441,0.3493505529577674,0.9632549524432302,0.3101740963616929,0.9490586238412325,0.28101959759722595,0.9246098747272986,0.23967978778365054,0.937165885918986,0.21462496755774724,0.8950802077076238,0.2008052314133521,0.8736249935849638,0.1769243549880136,0.8414091603230061,0.15760315470727174,0.8262348716495402,0.13412940467907342,0.8050505195930789,0.12323701301175195,0.7737603081442198,0.09860898191445384,0.7459747135808664,0.08377376517118881,1
1.0,1.0,0.4813504816054102,1.0,0.46308494117755483,0.9980049989568059,0.4448055261910837,0.9991899621221725,0.45034486429209075,0.9947050994234298,0.43093050298127117,0.983369907487197,0.3915240607308287,0.9764385037211124,0.3745052471873288,0.9561798933297075,0.32800043714978333,0.9529058844159423,0.3392408512847132,0.9499550251401844,0.32654465562625656,0.9393702094773481,0.31178546280252867,0.9310638839399338,0.2850494639184169,0.9158599030412465,0.2843899796215269,0.9071657486085156,0.28703574358492434,0.8895955607116119,0.26011524624640814,0.8755746675865529,0.24923953793880246,1
0.0,1.0,1.0,1.0,0.0,0.4999991378560747,0.500000260374627,0.5,0.4999997580748565,1.0,1.0,1.0,1.0,0.0,0.0,1.0,0.0,0.0,1.0,0.5,0.4999999740916534,1.0,0.0,1.0,0.0,1.0,1.0,0.0,0.0,0.5,0.5000005058714471,0.5000000000000001,0.4999992740777861,0
1.0,0.9782951951999033,0.5407155879470631,0.9874349588867903,0.47166500006912154,0.985825122233534,0.45758028651623955,0.9804850593013645,0.4671947086132609,0.9735849460620568,0.5063952596551127,0.977180092295038,0.4160242388851499,0.9730584932758846,0.40251507463404906,0.9981499564295736,0.33866043397051226,0.9517159748490694,0.32049104593822997,0.9571400257957501,0.36341974630546975,0.9507002200734787,0.3509653751921916,0.9994938568685069,0.29626459064825567,0.9362200539898633,0.3270700925969215,0.9602958326014783,0.34690580385603004,0.9197556334043878,0.3046953601060019,0.9108295701622345,0.2941343143430521,1
0.0,0.0,1.0,1.0,0.0,0.0,1.0,0.5,0.4999997580748565,1.0,1.0,0.0,0.4062492576903282,1.0,1.0,0.0,0.0,1.0,0.0,0.0,0.0,1.0,1.0,1.0,0.0,1.0,1.0,1.0,1.0,0.5,0.5000005058714471,0.0,0.0,0
1.0,1.0,0.5840054914494072,0.9967599661258552,0.5816701150643522,0.973080171748923,0.6667350584020288,0.9587948056162626,0.6130496115891821,0.9570401074701684,0.6855350206586012,0.9212499463364768,0.7344943881388813,0.9050535317926621,0.7461243694551588,0.8923649780293806,0.7415548126217064,0.8254556101104736,0.7848871009602907,0.7827650238900358,0.790354840715485,0.7779298602578694,0.8236004631058156,0.7415543510955829,0.7761805363104061,0.7165849643470228,0.8456461296026886,0.6784205464581575,0.8807353430474879,0.6696052473668871,0.8342205342721486,0.610504996654959,0.8934229105734084,1
1.0,1.0,0.6402306055603132,1.0,0.5123849702086088,1.0,0.5388203206773906,1.0,0.5215848032301845,0.9938099842671607,0.666330191246691,1.0,0.5274442772873036,1.0,0.5219199044757511,0.9787499922747471,0.3770103922425783,0.9218558205365865,0.45666104334284974,1.0,0.5207500207266773,0.9996649086951667,0.6368796795181169,1.0,0.30471960276316556,0.9820698832938307,0.4891303259730652,0.9337356856353893,0.61680072945055,0.9728916523319409,0.38989541043635906,0.9017744397056364,0.4633542757989243,1
1.0,1.0,1.0,1.0,0.0,1.0,0.0,1.0,1.0,1.0,1.0,1.0,1.0,1.0,0.0,1.0,1.0,1.0,1.0,1.0,1.0,1.0,1.0,1.0,1.0,1.0,0.750002062598489,0.5000005758859285,0.5000007619608808,1.0,0.0,1.0,0.0,0
1.0,0.9804350915123585,0.5431005720995523,0.9837998306292762,0.5963950803883711,0.9801300457896955,0.6372551827569506,0.9902199652152749,0.6752595251977134,0.9643351410320562,0.7314050322867959,0.931325000606631,0.762584375866028,0.9140987726857291,0.7939696880106525,0.8662097437070089,0.8453234908397249,0.8450158445852852,0.8657020503503764,0.7723650068148348,0.8441017058055423,0.7416950186111523,0.8809849701592125,0.703074486915477,0.8734455922322198,0.6670047808310433,0.9189811313490219,0.6247204793674469,0.9303059780910847,0.5687801100678351,0.9341750828781774,0.5452401112226125,0.9314237676299577,1
1.0,0.8472200136421812,0.6944456461281749,0.49999974006948467,0.5,0.33531486850950337,0.8492040347652202,0.5,0.4999997580748565,0.4999994365028918,0.5000002474083971,0.500000311092888,0.4999992576903283,0.6031740436088262,0.3789702265950693,0.6051598509335195,0.5972201247863927,0.7321454069490719,0.8908746431352194,0.5,0.4999999740916534,0.4999996981159415,0.5000000000000001,0.8670639649228349,0.6369053460694554,0.8809500027229804,0.8174600337166099,0.5000005758859285,0.5000007619608808,0.5,0.5000005058714471,0.5000000000000001,0.4999992740777861,0
1.0,1.0,0.5253505654780297,1.0,0.5541351049956453,1.0,0.5974902489702183,1.0,0.6422645644984529,1.0,0.6741302357802024,1.0,0.6913043370679759,0.9728734168951559,0.7144044975236576,0.9456299789255099,0.7519547549974167,0.879530737242917,0.7940046716844018,0.9032201999628006,0.7998113872365121,0.8978901323157827,0.813789793211122,0.8332139799625166,0.8197103100043984,0.7970847848367928,0.8471752026159249,0.7476905534551717,0.8634210519631922,0.7351354131544208,0.8584458704712308,0.6669048963037297,0.876213870734329,1
0.0,1.0,1.0,0.49999974006948467,0.5,1.0,0.0,1.0,0.0,1.0,1.0,1.0,1.0,1.0,0.0,1.0,1.0,1.0,1.0,1.0,0.0,0.0,0.0,1.0,0.0,1.0,0.0,1.0,1.0,0.5,0.5000005058714471,1.0,0.0,0
0.0,1.0,1.0,1.0,0.0,1.0,1.0,0.0,1.0,0.4999994365028918,0.5000002474083971,1.0,1.0,0.4999993471732602,0.5,0.5,0.5000001912530302,0.0,1.0,0.0,1.0,1.0,1.0,1.0,0.0,1.0,1.0,1.0,1.0,1.0,0.0,0.0,1.0,0
1.0,1.0,0.4669806739827134,1.0,0.8146851052260505,1.0,0.5477853054975498,1.0,0.6013996337253328,1.0,0.0,1.0,0.2972034720297716,1.0,0.4207451258110279,1.0,0.5244751718793466,1.0,0.1923098883986504,1.0,0.3671347441291687,1.0,0.0,1.0,0.20979006755365265,1.0,0.09313869737279956,1.0,0.0,1.0,0.10722420376604605,1.0,0.25873975220293977,1
1.0,0.6958950771435234,0.46828555536917194,0.9873198096684793,0.5216401163085402,1.0,1.0,0.6791045722137993,0.5764946498254511,0.7723897123459962,0.5653002548306489,0.8078351232581131,0.08954976444039753,0.7891787439613526,0.8395499726124094,0.8339549586853474,0.44776035250168894,0.7332103760114231,0.4421658447962627,0.8278700821134221,0.5739600389661533,0.9160451377044133,0.7276096513783729,0.7350742728892384,0.5820902732401599,0.7465448732988147,0.5731504679348438,0.6623155509356706,0.4869407727807254,0.6955902859134887,0.5676054819003306,0.6720548743518984,0.5637741398407187,0
1.0,0.8636351759236656,0.4750006621522597,0.946205040468582,0.5173101115621933,1.0,0.8636339965942998,0.8318199104521508,0.4704548918473646,0.7409097210013118,0.4159103391969124,0.9090451501552042,0.5477942886693852,0.7840889802846324,1.0,0.7522749324812894,0.6090899833088264,0.8340905959568126,0.5500010381520893,1.0,0.3499997409165337,0.9931804391205513,0.0,0.7863642148129294,0.6636354390987422,0.7849098874131453,0.5733655282039717,0.7113655695079918,0.5409106956448855,0.7446354788750909,0.5732155192115596,1.0,1.0,0
1.0,0.6460100352899985,0.5679105564727591,0.7266552505184314,0.5840400628545359,0.7589151470558894,0.49745535877019853,0.7631597562026845,0.6044146258264768,0.7623097633762943,0.41681041094534754,0.7368399931061815,0.4762292648165011,0.7775887844366105,0.5195249227074066,0.9083197883898719,0.38794534634185107,0.7122253813973296,0.4787809239553595,0.6748750308725734,0.5331049080771861,0.6409149502042245,0.395585198547388,0.7586541798745922,0.4841200609177838,0.7518448773510227,0.4832452924627151,0.6731755501870189,0.5492356262429486,0.8539903876376562,0.4906604832227863,0.6977948340023415,0.4838692824844337,1
1.0,0.8957851334069444,0.5842555642861557,0.49999974006948467,0.5,0.7827051465312131,0.5343703100020308,0.6973396784187655,1.0,0.6917946932096344,0.9977856948464829,0.4878051587911428,0.766074468506275,0.6186241676459068,0.5642998746358825,0.4866949513927086,0.9756090291300719,0.24500864250106466,0.9246119906566312,0.4490000335405735,0.6940154310112546,0.2871400409958551,0.6186247128664827,0.042131354265485074,0.9035510796634776,0.3292689945955935,0.9412406942431502,0.0,0.8470058747183918,0.0,0.5643006263048016,0.5000000000000001,0.4999992740777861,0
1.0,0.8704201826638785,0.5248705713049697,0.8953699097157347,0.512715140846693,0.8928751687030917,0.5189654274570251,0.8311498227804456,0.549739809508142,0.8390049317266903,0.6557601622999085,0.8796702042075936,0.5367392810483393,0.8734736910823867,0.5422098691583644,0.8534049824791263,0.46073525613003213,0.8180656454319999,0.5000009343368804,0.8501050429776712,0.5567750326445168,0.8409149502042246,0.5609247875014175,0.8350791897082301,0.577225240709148,0.8207899430909984,0.5680404489314365,0.8285357236438606,0.5876958556947686,0.7987953115445501,0.5734856597000209,0.7872747323967219,0.5755692049746748,1
1.0,1.0,0.0,0.49999974006948467,0.5,0.8897051886531021,0.003676489733428376,0.9044099526907455,0.7757344242544473,0.2904404969593696,0.025735421460204414,0.500000311092888,0.4999992576903283,0.4999993471732602,0.5,0.8602949810576799,0.11397190319119342,0.8676457326085323,0.19853101479366728,0.5,0.4999999740916534,0.5919098091187098,0.0,0.0,0.0,0.0,0.0,1.0,0.0,1.0,0.0,0.5000000000000001,0.4999992740777861,0
1.0,1.0,0.5085455825615581,0.9810749790366039,0.4842900524863024,1.0,0.48282048210965933,1.0,0.47464479340802374,0.9951299762429618,0.4645404389024964,0.9958649533329559,0.4549893107407261,1.0,0.4213650708524989,1.0,0.42871527639788576,0.9915510158070092,0.4409358941084869,1.0,0.4074048645511638,1.0,0.4036402332407649,0.9948546935375644,0.3895847369933158,0.9824500681519428,0.3987852669964991,0.9729958449830257,0.41438582143192765,0.9821811261665419,0.38719528948942933,0.9350544614484027,0.38351945822786,1
1.0,0.9785201592964795,0.43952563412114737,0.8165900391507342,0.4365500970005853,0.9818250207468778,0.40879050778259757,0.985130037066522,0.5422996436442636,0.9600150904525557,0.49438036566961086,0.9177149978503482,0.3764042024624887,1.0,0.34302533180237843,0.9963648049837152,0.39392038906330723,0.9933897392219245,0.39491097845834416,1.0,0.364174715526354,0.9656301980661307,0.3027103294222518,1.0,0.4038348202594853,0.9439649331734131,0.34217491385213644,0.9071406975706252,0.3813609129307301,0.9454755604830184,0.34071520464682725,0.8476545513463789,0.29213451572792437,1
1.0,0.6420450430878413,0.3409106359310302,0.49999974006948467,0.5,0.8409100594214226,0.0,0.6534097650763389,0.9791629873884425,0.8219698506507265,0.5321952547069448,0.6742401711757506,0.07575765073835071,0.4999993471732602,0.5,0.795454770189176,0.3200756070420856,0.7253804579273029,0.09658967038671167,0.5,0.4999999740916534,0.4999996981159415,0.5000000000000001,0.6212097110067332,0.5890152218185332,1.0,0.3806800524725056,0.530305421102188,0.25757579605863035,0.5814401970477132,0.14961982605212276,0.5000000000000001,0.4999992740777861,0
1.0,1.0,0.21387959423309524,0.9957498761431094,0.13314424747360712,0.9475900244528649,0.012750545484843525,1.0,0.3209088643791838,1.0,0.38385561245948696,0.8144502024281421,0.06798814284017583,1.0,0.21232602004450768,1.0,0.1019850574255852,0.8838557453844035,0.055240072670646234,0.9830040767042423,0.0,0.8505999945660869,0.12552119183815563,0.8097292278858835,0.11547937160102409,0.7688848839997409,0.1100685057711506,0.9051006216688599,0.0,1.0,0.0,0.6522248965127948,0.11943996272038179,1
1.0,0.9314200435544427,0.5965506281617771,0.904600042316688,0.7057451534268164,0.8360150525402824,0.7789250173149127,0.7727947701216451,0.8498104516500505,0.6835245279021227,0.9076647121403301,0.5980850988373214,0.9283547448434223,0.47969447708578145,0.9314187230278069,0.4137951386528395,0.878924412828359,0.32949848443097274,0.8287360498313003,0.25900335710648525,0.7804604431363609,0.198848010433113,0.7049797061546131,0.20383106966843284,0.6287353457897827,0.18480907260962964,0.54409038031566,0.213794771531655,0.46092077892720984,0.2256704937051028,0.40038543809237676,0.28543914116072927,0.3402294382532907,1
1.0,0.9567650859703779,0.9079299354622264,0.13513527563811648,1.0,0.3026691729601121,0.7786750576729798,0.5270245876286046,0.648649452886288,0.407005508747729,0.4487953685148074,0.4842101693776338,0.4551491547567204,0.5070041780911346,0.4829850869412759,0.5055399333774188,0.4973151949290624,0.5017100253012351,0.5004859330391902,0.5002399675571181,0.5003749715008188,0.49998460391302113,0.5000949419667229,0.4999849603183785,0.5000101699138354,0.49999599941255884,0.5000002750131318,0.5000005758859285,0.5000007619608808,0.5,0.5000005058714471,0.5000000000000001,0.4999992740777861,0
1.0,0.6964301134351596,0.7619054976294949,0.10588009613270181,0.5567100995811234,0.4168613675031351,0.11811113830579435,0.8333347700202319,0.5059496650546389,0.9107150102105676,0.7023800687795344,0.16384951317073956,0.6536444930519816,0.326015145580363,0.18166108601536912,0.7321447774200128,0.5773799825140086,0.7738104035672237,0.529760965481443,0.24084875945615486,0.7248054283167866,0.26174555400252975,0.262030333958368,0.6607146162567389,0.8511912782818948,0.7598548793358302,0.6942406749922309,0.7857157254291071,0.6964307212467712,0.22554476720595718,0.35042536855431183,0.627204852400067,0.22081382905234367,0
1.0,1.0,0.03773605728058482,1.0,0.8773599251643941,0.745285242780961,0.47170040253917334,0.8113197405850527,0.4999997580748565,1.0,0.4997303248472253,0.7264151459927813,0.5377342729324203,0.8113187100143622,0.4717000245227798,0.9943899213260242,0.4995751922465525,0.7641505298228913,0.5000009343368804,0.7641500056409147,0.5377349887039609,0.9759501046028263,0.4994401061240206,1.0,0.8962261992235271,0.9609599448280277,0.499360319455254,0.9717006775297948,0.0,1.0,0.716980846217648,0.7169797415955846,0.4433942249375356,1
1.0,0.7992000834158908,0.70166067786734,0.9140448775233405,0.9026054218949444,0.880005084185891,0.8535444797975326,0.9200498952908784,0.4450798473936195,0.9865549589999504,0.5399052425839334,0.9791200675444878,0.07136317748129381,0.9598083953518737,0.9422179135468877,0.9772599454906155,0.47397023904144975,0.943365941030587,0.590675837010122,0.9924198304066643,0.15203017804215807,0.9333500375845653,0.07122493598010439,0.6430195631550938,0.3496848597950254,1.0,0.5853805769225481,0.8147907662450221,0.7133856207822289,0.9387854820182532,0.9050348332293343,0.9098945266767018,0.8441093754024771,0
1.0,0.8206100891917942,0.5070155694067999,0.6707301604135183,0.4878051140736098,0.763755149154594,0.5173302747993813,0.5975594915142511,0.5609745712481645,0.7165647018649499,0.5237752047304486,0.6097551263441546,0.5243892770893543,0.6463390782086434,0.5,0.6829249352623805,0.5000001912530302,0.6585352839499988,0.5365860368543992,0.6341449135720406,0.5609750347171846,0.6184897948094055,0.5290649007460857,0.6097546796547815,0.5487802459593661,0.5965198502696267,0.52820534680531,0.5870506290114054,0.5275207570843313,0.5975600486904442,0.5000005058714471,0.5853649230640576,0.5365841378971206,1
1.0,0.6734700886094757,0.6020405325469907,0.7346951612894841,0.6224502209585777,0.7040801823409769,0.6020402955772766,0.7346947462895448,0.7244893565033108,0.6530596202480289,0.795919988124397,0.5612252580048867,0.7755094718714122,0.4999993471732602,0.7550994776877081,0.4693900758310828,0.775508683384334,0.39795961822690945,0.7755099922138593,0.35714612408182683,0.7244903828217298,0.3571439353002086,0.6632648432534503,0.19388174182651147,0.6122453390013652,0.2671050278092447,0.5744754812042275,0.2040795759176022,0.5918358431478127,0.32652886280381527,0.5000005058714471,0.36734560545241685,0.37754933343948976,1
1.0,0.9485300064527866,0.6911754968349122,0.955879914181341,0.6875000576012976,0.8713250191457532,0.8382344517291479,0.7279398416940059,0.8897039078168435,0.5955896771837766,0.9448551423835326,0.48897020165663185,0.9301437111524606,0.3970593419506463,0.9117638295873067,0.31249884121206123,0.8382347096928029,0.25000000000000006,0.7389709317415002,0.13235415186561822,0.6911753580533505,0.06985295227514914,0.5441200593914748,0.1286760452578727,0.4375000317809807,0.1603745169290664,0.37934513873037434,0.22426437771206276,0.2867657554461154,0.2794099998285548,0.24632524195805636,0.35662056782070584,0.2169102408890908,1
1.0,0.6551701054568975,0.4482755347983084,0.6206901571072022,0.4482749563382164,0.6034502507237698,0.46551546364909835,0.5370246890417975,0.4728448703402194,0.5182443458700169,0.4815554565921968,0.5085351444746481,0.48808419771170675,0.5037044653349001,0.49258999516419943,0.5014050690019591,0.49553521042800935,0.5003898519501992,0.49738593303919026,0.4999850591991122,0.4985049588575456,0.49985962391284,0.49917004897423123,0.4998449755894398,0.49954998131278333,0.49987469127724815,0.49976046356213505,0.4999104497381159,0.49988077852083074,0.4999399941708624,0.49994050746352975,0.4999600163070748,0.4999692770985592,1
1.0,0.8137250993487738,0.4607855774409139,0.8627449910090035,0.5,0.8039201437957536,0.4607854981747738,0.8137247544533068,0.4411749336520295,0.8431348020321959,0.4411754372943418,0.8333350961930318,0.43137421315174795,0.8235288549418983,0.45098010904615554,0.7745100644595104,0.44117528712792586,0.7745105714070994,0.3921559823514145,0.7941200325648478,0.4019597073393164,0.8333349433816449,0.3823552992122454,0.7254893970244568,0.3725498770711665,0.7620448783318118,0.37666018552385877,0.7843157467368864,0.34313587540415674,0.7156852379945481,0.39215539754562473,0.7352948862686067,0.36274426697077344,0
1.0,0.17187605374153367,0.5781255793832273,0.5312511859329764,0.5,0.4999991378560747,0.5312504231087688,0.8124996830837724,0.5312497127138922,0.5937495773771688,0.5000002474083971,0.4843753597011517,0.5468742871352786,0.5312491839665753,0.5,0.5781248648080738,0.4218753725708381,0.7187504697011449,0.31250090838307815,0.5,0.45312480568740027,0.4999996981159415,0.5000000000000001,0.5156250723061616,0.26562441999710157,0.5156248749816424,0.5000002750131318,0.14062558488414612,0.5156257857721583,0.4843750535766332,0.5000005058714471,0.5000000000000001,0.5468742023636964,0
1.0,0.8620701325571077,0.4945805044717349,0.8985200076315599,0.5054200517029248,0.900000172428785,0.5009852575886186,0.8950748682896158,0.5054198489903254,0.8921198873907378,0.49507533585689895,0.9167499877118309,0.516254354883408,0.9256136571353963,0.5083748730888847,0.9004950342074199,0.4960601975122203,0.8955657080588191,0.48522091876459905,0.8798052207427103,0.5167500051816694,0.8738900477882465,0.5275848609759508,0.8630541544228233,0.49261003211150295,0.8902050391399408,0.5030603461315278,0.8704458220915601,0.4748757876770606,0.9147805786847865,0.5147805365318788,0.895074688493059,0.5039392520191176,1
1.0,0.7354501857571349,0.6137555510431105,0.7116401043673005,0.6679902676847504,0.6283051211102837,0.7380951513036957,0.5092595315724623,0.7473544275930143,0.4894194965491437,0.7698399267671145,0.32936648422105763,0.6560844649431886,0.29365125995560776,0.6626997059558268,0.24206616524625013,0.5343900270238048,0.25000000000000006,0.4418009343368804,0.42592503376925916,0.42724988082160553,0.42592459539989075,0.3095253165391544,0.3836015409889169,0.5013251397727533,0.5178698497921371,0.34130504731600936,0.579365431295369,0.3915358845476873,0.6243400787505072,0.3783053049737178,0.6335998912861683,0.5211642621469033,1
1.0,1.0,0.0,1.0,1.0,0.0,1.0,1.0,0.0,1.0,0.0,0.0,0.0,0.0,1.0,1.0,1.0,1.0,1.0,0.0,1.0,1.0,0.0,1.0,0.0,1.0,1.0,1.0,1.0,0.0,1.0,0.0,1.0,0
1.0,0.5000001244270447,0.5000006621522597,0.0,0.0,0.0,1.0,0.5,0.4999997580748565,0.0,1.0,1.0,1.0,1.0,0.0,0.5,0.5000001912530302,0.5,0.5000009343368804,0.0,0.0,0.0,1.0,1.0,0.7187510328818739,1.0,0.0,0.5000005758859285,0.5000007619608808,0.0,0.0,0.0,1.0,0
1.0,1.0,0.5000006621522597,1.0,0.5,0.8333350165667114,0.5555553009670313,1.0,0.444444793891874,0.9444451018577372,0.4444454340780326,1.0,0.3888891088324954,0.8888885624755191,0.5,0.8888898502536974,0.5000001912530302,1.0,0.4444458863223463,0.8888901424254714,0.4444447323149626,0.8333349433816449,0.4444452356275005,0.833334008190842,0.5,0.9517348482912718,0.473240287223715,1.0,0.5555558377632891,0.9444454604161547,0.44444555719043616,1.0,0.4999992740777861,1
1.0,0.5000001244270447,0.5000006621522597,0.0,0.18616969803095726,1.0,0.7553199743791367,0.5398946823992333,0.3829798403777903,0.0,0.31914940993097307,0.56383034984884,0.20478344352508018,1.0,0.0,0.5,0.5000001912530302,0.9148957889726697,0.4601058915131067,0.37499977131427215,1.0,0.5851047386740649,0.14627656067450995,0.5,0.5,0.4042554893866996,0.2659550243524128,0.388299725590355,0.25532089982500294,0.8723404559300046,0.952132235309827,0.16223448737247037,0.7287240394995352,0
1.0,1.0,0.4590856118728315,1.0,0.443370090641402,0.9962302141048223,0.3509904650811588,1.0,0.3346260200168864,0.9833100609027673,0.32859546252999833,0.9289401625273684,0.2636733441545588,0.9595185402794099,0.2591507784263709,0.8654199138479794,0.17388129396335886,0.8406557654249857,0.18228133921619516,0.9122502370708713,0.10841865815491117,0.7941449586871666,0.1260750199773722,0.8351642217543209,0.018519413094272564,0.743784829307839,0.07165467151056465,0.689705566801328,0.0805367252445259,0.6205851425567055,0.055769117190128094,0.6461048565813681,0.051894071557196796,1
1.0,1.0,0.5342155702896695,1.0,0.5710551175296877,1.0,0.6105402252761273,1.0,0.43749984879678533,1.0,0.6974751973081966,1.0,0.7449045389762067,1.0,0.7949299725665725,0.31249884121206123,1.0,1.0,0.5000009343368804,1.0,0.9600052853027132,1.0,1.0,1.0,1.0,1.0,1.0,1.0,0.6250006984641407,1.0,1.0,1.0,1.0,1
0.0,0.5000001244270447,0.5000006621522597,0.49999974006948467,0.5,0.4999991378560747,0.500000260374627,0.5,0.4999997580748565,0.4999994365028918,0.5000002474083971,1.0,1.0,1.0,1.0,1.0,0.0,0.5,0.5000009343368804,1.0,1.0,1.0,0.0,1.0,1.0,1.0,0.5000002750131318,1.0,1.0,1.0,0.0,0.5000000000000001,0.4999992740777861,0
1.0,0.9558801608294208,0.4558805742184396,0.985294950953711,0.58823505015921,0.9117652347605593,0.5441202982851727,0.9558799369209942,0.4852948220761532,0.9852949794661653,0.4117655063212846,0.9852949502780237,0.5735292371036067,0.9705885233059145,0.5147049359542913,1.0,0.5000001912530302,1.0,0.5000009343368804,0.8823552190656817,0.5588251601135822,0.9411751742625727,0.5147049282792561,0.9264689719799163,0.5147051869103039,0.9633148712675487,0.5130004207700918,0.9705906574025818,0.4411758580314486,0.9852957144408314,0.5294106469248409,0.9558794321792942,0.529409239818941,1
1.0,0.49679488375901076,0.25,0.49999974006948467,0.5,0.49038500145456,1.0,0.5,0.4999997580748565,0.4999994365028918,0.5000002474083971,0.500000311092888,0.4999992576903283,0.4999993471732602,0.5,0.5,0.5000001912530302,0.6570502768105414,0.9647469504282379,0.32371836895240597,0.871795137521504,0.32692534105351495,0.0961551140754103,0.5,0.5,0.19230952880564908,0.24358985641564385,0.5000005758859285,0.5000007619608808,0.5,0.5000005058714471,0.5000000000000001,0.4999992740777861,0
1.0,0.9351600716600236,0.734860550734106,0.7697249571244615,0.9108055426272642,0.5519002021604341,0.976373606344809,0.3098350514418421,0.9395791954053577,0.1303030712846381,0.7911299141492862,0.03950568584471368,0.5836543410269608,0.08791617704661187,0.3752902053267145,0.20308453898780643,0.18328994952907046,0.3799396903730053,0.08559563976122504,0.5941148490216825,0.10650403133873607,0.75778483515621,0.21285065892362184,0.8463690737869919,0.3757846724143629,0.8454849241088562,0.5524205280802158,0.7639907167188323,0.6988105790648708,0.6298703302606539,0.7828655948354891,0.46630524544238167,0.7877590781256221,1
1.0,0.9632850631056643,0.520870575719318,0.9463298071159618,0.5788301176448902,0.9304900155112008,0.5989551166217955,0.9183748028781065,0.6826295327699704,0.9030948388172871,0.700990128404958,0.8811049646069621,0.7027594124866385,0.8329289071680376,0.7417994219957875,0.8005049225311637,0.758760382307356,0.7669605952052908,0.7609005969374514,0.7421751366778367,0.7710608949779261,0.7127298469749708,0.778418636053157,0.6666995418681598,0.7763712221948199,0.634889871570819,0.7710708186315897,0.6115355710340896,0.7672412698332066,0.5715600944091711,0.7456208737452719,0.5578650275965881,0.7328540685598407,1
0.0,0.5000001244270447,0.5000006621522597,1.0,1.0,1.0,1.0,0.5,0.4999997580748565,0.4999994365028918,0.5000002474083971,0.0,0.0,0.4999993471732602,0.5,0.0,0.0,0.5,0.5000009343368804,0.5,0.4999999740916534,1.0,1.0,0.5,0.5,1.0,1.0,0.5000005758859285,0.5000007619608808,0.0,1.0,0.5000000000000001,0.4999992740777861,0
0.0,1.0,0.0,1.0,1.0,1.0,1.0,1.0,1.0,1.0,1.0,1.0,0.0,1.0,1.0,1.0,1.0,1.0,0.0,1.0,0.0,1.0,0.0,1.0,0.0,1.0,1.0,1.0,0.0,1.0,1.0,1.0,1.0,0
0.0,0.5000001244270447,0.5000006621522597,0.49999974006948467,0.5,0.4999991378560747,0.500000260374627,0.5,0.4999997580748565,0.4999994365028918,0.5000002474083971,0.500000311092888,0.4999992576903283,0.4999993471732602,0.5,0.5,0.5000001912530302,0.5,0.5000009343368804,0.5,0.4999999740916534,0.4999996981159415,0.5000000000000001,0.5,0.5,1.0,1.0,0.5000005758859285,0.5000007619608808,0.5,0.5000005058714471,0.5000000000000001,0.4999992740777861,0
0.0,1.0,1.0,0.0,0.0,0.0,0.0,0.5,0.4999997580748565,0.4999994365028918,0.5000002474083971,0.0,0.0,0.4999993471732602,0.5,0.5,0.5000001912530302,0.5,0.5000009343368804,0.0,1.0,1.0,1.0,0.5,0.5,1.0,0.0,0.5000005758859285,0.5000007619608808,0.0,0.0,0.0,0.0,0
1.0,0.6926049772310953,0.5778205479089232,0.7062252318710163,0.5369650797893175,0.632295123196672,0.6206253157042352,0.6167296273572228,0.5661495919932455,0.5972745335370939,0.6264600806551375,0.6225702867716459,0.684824468506275,0.544744091918005,0.6147847152034359,0.4805450320443491,0.6848249413821881,0.5252899621734012,0.6245159615883727,0.6245151100283266,0.5486400708852364,0.5389098362882752,0.6498047096490049,0.487530079363243,0.6424103204285602,0.4698806095656368,0.6312805436459591,0.4260703559838867,0.5739307783938372,0.45330489247526906,0.655640723421848,0.4046689454758321,0.6439691084972708,0
1.0,0.9057151581256212,0.518570567773491,0.9257149778721152,0.49928505269366713,0.8950002303155915,0.503570256885607,0.8978548574384042,0.4785697869365262,0.9378550031781236,0.5000002474083971,0.9278550705340904,0.4664292925293955,0.9321435566000783,0.501429884330402,0.9142849196882706,0.4728552338751341,0.9050007515218317,0.4407158058655593,0.8842850216946528,0.4578548925321782,0.9214301455383046,0.47500006593192134,0.884999074481131,0.4657150085045904,0.9079898441861528,0.45665526278879814,0.9128557895252108,0.44785571508758737,0.9071455512821246,0.47500047505694265,0.9107145843786586,0.4242842055718043,1
1.0,0.7493501797597514,0.5090905780147792,0.7155850697991413,0.4519501495329687,0.7532451466839357,0.47922028214194584,0.7506497543265404,0.5480497204554967,0.7233747052910123,0.5298703579999505,0.77922017723584,0.4402591650500812,0.7584387648518083,0.4818199111221119,0.7636350714122381,0.4701302507650121,0.7766254790951678,0.49480591746690894,0.7428550955753886,0.4831149346073331,0.7454549845586304,0.4948050393086115,0.796104144010736,0.5,0.7660748894482828,0.4836003069146552,0.7155855752092625,0.5168858150822536,0.7727253504626164,0.4727254658767882,0.7948047332329822,0.4571443625115036,1
1.0,0.6641701624444838,0.5126005809282492,0.5761801755154812,0.6063900575552167,0.5745952788505995,0.8700157787023971,0.3714689193917237,0.9616185759802203,0.4484394511087369,0.5969002201934733,0.19324156922718927,0.6289292925293956,0.02973625799712755,0.47295504080636397,0.4344150747495473,0.428355372968247,0.34842430922618306,0.27692603166363877,0.4429548025527426,0.07201484030095136,0.513339652772956,0.38607016738796196,0.6397096762997756,0.468525006546882,0.6686847694538889,0.4406202096150091,0.6382854724136243,0.44295579864929735,0.5753901807604168,0.5664804957026606,0.5609850623013882,0.6023391087080224,1
1.0,0.9171350722759375,0.6956055161697581,0.7702001101065664,0.8928961471644032,0.5616301121747778,0.9470085559102436,0.3338953314436675,0.917888187037167,0.1495690374116999,0.7978198372052747,0.06689119277368552,0.6095443703234491,0.07779083431257347,0.379180159925194,0.20143133486190334,0.19053024281683423,0.4032296650717704,0.061066701271736315,0.5621948951247253,0.05467956556884365,0.7555448554428186,0.1377317836694543,0.8957139799625164,0.36132966538441,0.9150399116670292,0.5435904064419076,0.8329605431756077,0.7453958513769903,0.6877102632827189,0.8500566216518115,0.4800852462786419,0.8972187812468535,1
1.0,0.80769008906239,0.5946155985414993,0.8907849953550416,0.5089000917012658,0.8874301139975964,0.5132353630403425,0.8253847363003454,0.44845978357376665,0.8876899548751516,0.540000247408397,0.8698051376368264,0.5252992745160142,0.8616085650868259,0.5288799048424468,0.8430747742681095,0.4553853872749672,0.808460570154563,0.5815408772385154,0.8311649860806621,0.5378650486040583,0.8193900130715798,0.5402050219025843,0.8007693375598695,0.4638450054281915,0.7940148888959436,0.5438354431424101,0.7753854836434,0.6284607628244365,0.7669453604064396,0.5460355856168164,0.7530447712828232,0.5466091236713868,1
1.0,0.9242149711117731,0.5339705739535787,0.9028099008573028,0.48850508504255585,0.8851550393420906,0.4835052673787045,0.8336248117517608,0.46689980186330754,0.7979099328762245,0.4616705014968208,0.8363001225083793,0.4711441961281128,0.8212987987987989,0.46781006992430024,0.6959949198736767,0.5226501460477685,0.8562708234174203,0.5069709317415002,0.779850043145374,0.45980501378324046,0.7671498824161593,0.4577351066382896,0.7351893842985724,0.3858897530490673,0.7432949509231161,0.45436025070197106,0.7630655559746725,0.4573157134112734,0.7213852202785414,0.45189547720111856,0.7111149439705636,0.4509592710804299,1
1.0,1.0,0.5400655751454527,0.9838749505482195,0.4975899617066573,0.9834150604720066,0.4963904265457139,0.9399000065918576,0.48038470936322886,1.0,0.5070954254187388,0.9809300059667615,0.49281914367156265,0.9797336466901684,0.4916450659937799,0.9924848739547734,0.505010183602909,0.9557610411082442,0.455760965481443,0.9750793539475731,0.4881799386490352,0.9731800164828697,0.4870450367768258,0.9908200097179481,0.510015076897261,0.9688599435633258,0.4848303031469753,1.0,0.4707857848578053,0.9638707760182418,0.4826804767003829,0.9611295785248369,0.48163416798776715,1
1.0,0.8175500862403847,0.4780604677443563,0.8826499500153618,0.5148401679193029,0.8071600806671122,0.680140185699184,0.8267898160871747,0.4976898568045076,0.8210147230524413,0.5415703010960192,0.8972301533625718,0.2829090621164734,0.8625835618226922,0.774823584955389,0.797920052902532,0.5692850117235623,0.8175505398431824,0.6097010121982871,0.816395242117203,0.3729796671295625,0.8547551267460219,0.5767948646945111,0.823324232397788,0.61547530363549,0.843874881240626,0.5885204018491883,0.8083155048647964,0.5381056636552278,0.8315804963910781,0.5992057561494195,0.8452646763672855,0.6836042272089696,1
1.0,0.803390089485442,0.48644066674318204,0.835594988747608,0.5203401702233548,0.7644051564089193,0.4779652764397415,0.752539741294945,0.5186446869609606,0.8525398505154871,0.46101536406145627,0.7898300001804339,0.4898291203135517,0.7660987074030552,0.5389848715075092,0.8203399729307138,0.5593199837062353,0.7847456724867858,0.4881359307033481,0.7660999326139389,0.5033899750243539,0.8576251384893119,0.4830500634265084,0.7644042550730004,0.4830500588583763,0.7863098865355971,0.5037503540794073,0.7932206708495182,0.4983057799812557,0.7949155060777333,0.4864404882044645,0.7508448841779563,0.5338991623794326,1
1.0,0.7475751035419652,0.5485454722028481,0.64806032051512,0.5291250593293366,0.6747552188650885,0.500000260374627,0.7864098715601914,0.48786479287578843,0.7912598217545946,0.5121353818748609,0.6674753007801588,0.52426927035908,0.7621337641989816,0.5024250049847706,0.7354348081356185,0.4466001669117355,0.7160205666474612,0.5024259278484298,0.6747550166025839,0.5291250233175121,0.5946596710067532,0.6286397717173156,0.6553396654249288,0.4247548415146053,0.6827348325470243,0.5190754608532557,0.6966005741582707,0.5873806578770245,0.6310701611013642,0.5000005058714471,0.6868948611807995,0.49028926829382524,1
1.0,0.9704000503680678,0.559665657252333,0.9286898826205778,0.5051901073227377,0.9256201339673129,0.5077302623013992,0.8848298540157089,0.49860965620017855,0.9222948757826974,0.5545802716544199,0.9164451166816096,0.5151342095886615,0.9133986160073116,0.5175299143536184,0.8741899299783075,0.5097151820132735,0.900095819033543,0.5120259278484298,0.9043102685990104,0.5245050210375775,0.9012950826105726,0.5267599207762034,0.8866788912283949,0.5111002067034988,0.8952899148287838,0.5311754886295821,0.9296958458468547,0.5462558512245981,0.8893155335089695,0.5354505465722716,0.8863446542063891,0.5375393110295685,1
1.0,0.7366849997474132,0.5976356749980135,0.5310640359619067,0.4082849098424489,0.811580169408818,0.5050304377938979,0.7278097792741859,0.47780990006072327,0.7825447754802122,0.5088752814270516,0.7233751462914306,0.6375744784037374,0.8579886408147278,0.48077001528663,0.7781047791504695,0.5621301613480109,0.7071003782659887,0.5576908902154165,0.7638350291650532,0.514210002694468,0.7559149652984276,0.44674512565305574,0.7396443115296513,0.48816506787146247,0.7325697631471563,0.5162953531031107,0.7677506759461086,0.6257408164664826,0.6597652343370499,0.42751529811749056,0.673074876651614,0.4985192591846723,1
1.0,0.9168352030985321,0.6572805848128758,0.8277050578839265,0.7883544000479242,0.6748101497494733,0.8533856512750545,0.5864646346843262,0.8947335315506677,0.4051206109210247,0.8994309606868057,0.291354044238653,0.8327056692664002,0.15789593941767854,0.738719406686239,0.1263758675459034,0.5974600604061518,0.1391004283674441,0.4755659226576694,0.18984879299672827,0.3590246543826559,0.2541743018176439,0.23268561813813532,0.3671157361345705,0.1699290902757826,0.49235100586382874,0.15146898264392125,0.6135405178942155,0.17786198856550703,0.7155003628923954,0.24397024346026344,0.8233097089814351,0.3496242767121812,1
1.0,0.8778201078583393,0.7481901171568064,0.9177499270894904,0.7715053292720578,0.774580146993076,0.8603142200998797,0.6761247990751117,0.8539594678614544,0.567344384638618,0.9737450209060096,0.45091016446236615,0.9688898016548557,0.31197937067502285,0.911115236438559,0.23629076615968408,0.8558051504192664,0.15820787093865074,0.8399454970153128,0.14918542143730507,0.6247802972205526,0.10426471609313721,0.5149749854290454,0.005061431314930954,0.3545046362094697,0.1482385413496846,0.33603992090622326,0.18343982423961458,0.4040757287520858,0.3293434219324163,0.19772897102666226,0.4019563263087473,0.18522022372454297,1
1.0,0.9479451993433239,0.6964305578853506,0.8306451319433289,0.8590196719951707,0.6476050750225327,0.9541193869739782,0.47606395115940636,0.972074580683245,0.27137457230569484,0.923023825428635,0.11170101235847604,0.7925546339918446,0.035905470688079415,0.6256648079774665,0.03858918340986487,0.4234252672574812,0.1196798516996919,0.25798105372437063,0.24534624543771974,0.11901517192778822,0.4255245990224994,0.05704693561616018,0.6079047988153359,0.07148432434906192,0.7661448868233813,0.15703524843311267,0.8742305444137626,0.2967207743554445,0.9157106690364207,0.4648555441713081,0.8843096671684227,0.6396292645002963,1
1.0,1.0,0.37974564524530535,1.0,0.39873507550378096,0.9367100144421424,0.44936546703396846,0.943040012575236,0.506329729455112,1.0,0.5569602662114352,0.9620248911641531,0.5316442654103488,0.9240485050267659,0.4810150139000616,0.816454788729783,0.31645546039820366,0.9367109020767053,0.4936709317415001,0.9683550788051019,0.5316449727444194,1.0,0.6265797947671153,0.8101243087530947,0.31012465771883746,0.9231848495946888,0.47230029233895915,1.0,0.46835579001374067,0.7658252515958692,0.5126605243087922,0.9177195705803646,0.48733928433436446,1
1.0,0.9334449692777185,0.6797505010285431,0.8600700460752831,0.8333341013506352,0.686005211783192,0.9152454551608855,0.543229655245851,0.9294643051546991,0.3794082378769231,0.9306044187139711,0.24118409419394898,0.8378845164099925,0.15643034338686515,0.7076194797962089,0.11490541200318899,0.549490074712872,0.15301297627696087,0.4317409810537244,0.25256051786645367,0.28896459883516074,0.33731317150335244,0.21160560052112595,0.48577998102686315,0.2002303485483719,0.5767997933115856,0.2343648159199602,0.6615455626549492,0.3145608184475809,0.7309452918283491,0.40159542096464806,0.7047797499581869,0.5090992593251734,1
1.0,0.9478150486547072,0.6895856692593606,0.8365549121408865,0.8471906695114028,0.6795802689248597,0.9434804797142128,0.4790353577096845,0.9667231965085366,0.30562392653800896,0.9220688290160568,0.16363174814915285,0.810389366166515,0.08660073116594853,0.6517797350164669,0.0692491672177347,0.473175148034813,0.13218016483378844,0.32862600570983647,0.2411109857574529,0.1877836963956308,0.38285962693168063,0.13072453906993797,0.5345548254240033,0.13071898748337857,0.6676549408158257,0.188518751770397,0.7620707130331624,0.289570787435773,0.8060854483006921,0.4132854167790112,0.800364818531527,0.5432991525443575,1
1.0,1.0,0.4932906318698297,1.0,0.5078300899962674,1.0,0.49888038910384264,1.0,0.53131962908037,0.9888151459006711,0.5223704198520498,0.9798651350112025,0.5145393721049923,1.0,0.5324399020005546,0.99440475381164,0.5167801683026666,1.0,0.5178959252530496,0.998880964504926,0.5469801231164633,0.9787452490996308,0.5369150190279525,1.0,0.5503352257847995,0.9999450241854868,0.543815367183783,0.9955253663354364,0.5425057337556289,1.0,0.5503354929165158,1.0,0.5503342754710885,1
1.0,0.973505002838181,0.49983048902151556,0.966034879555997,0.4838649549097042,0.9758850954282479,0.48284547807385264,0.9779200661214018,0.5122297998553288,0.9706201060276158,0.5088302530987902,0.9629749688440472,0.5234392691713845,0.9697685729207468,0.4926949618292618,0.9741849858164356,0.510020168501371,0.9689208146496656,0.5069659226576694,0.9570302566463695,0.5383850291209816,0.9473502126773191,0.5307400990033732,0.9699388579097156,0.5159652392345105,0.9624450661271293,0.5127102819159615,0.9606007642006272,0.5112107558397951,0.9622963373584862,0.5022105041509706,0.9634841737748788,0.4971142718648942,1
