@relation annealing
@attribute f1 real [-0.670274, 3.79822]
@attribute f2 real [-0.871245, 3.78596]
@attribute f3 real [-0.260996, 4.88885]
@attribute f4 real [-0.477159, 2.97518]
@attribute f5 real [-0.426607, 2.34114]
@attribute f6 real [-0.737314, 2.77538]
@attribute f7 real [-2.4217, 4.90886]
@attribute f8 real [-0.266999, 5.79092]
@attribute f9 real [-0.367377, 2.71859]
@attribute f10 real [-9.93108, 0.100568]
@attribute f11 real [-1.6065, 1.5958]
@attribute f12 real [-11.5945, 0.112473]
@attribute f13 real [-28.2135, 0.0353996]
@attribute f14 real [-2.39906, 0.416308]
@attribute f15 real [-3.44327, 0.290058]
@attribute f16 real [-2.11191, 0.472912]
@attribute f17 real [-2.20489, 0.452969]
@attribute f18 real [-5.80116, 0.172163]
@attribute f19 real [-10.6235, 0.0940131]
@attribute f20 real [-3.27442, 0.305015]
@attribute f21 real [-19.9374, 0.0500941]
@attribute f22 real [-5.44565, 0.183403]
@attribute f23 real [-15.6296, 7.88849]
@attribute f24 real [-4.08808, 0.244307]
@attribute f25 real [-1.08301, 0.922194]
@attribute f26 real [-1.08152, 3.27081]
@attribute f27 real [-1.93156, 1.83646]
@attribute f28 real [-0.674719, 1.91171]
@attribute f29 real [-0.164296, 6.07895]
@attribute f30 real [-0.220071, 4.87027]
@attribute f31 real [-0.104075, 9.86216]
@attribute clase integer [0, 4]
@inputs f1, f2, f3, f4, f5, f6, f7, f8, f9, f10, f11, f12, f13, f14, f15, f16, f17, f18, f19, f20, f21, f22, f23, f24, f25, f26, f27, f28, f29, f30, f31
@outputs clase
@data
0.09999991048438245,0.14285692813608164,0.11428574757381095,0.0,0.0,0.0,0.3749995907543216,0.0,0.0,1.0,1.0,1.0,1.0,1.0,1.0,1.0,1.0,1.0,1.0,1.0,1.0,1.0,0.666666336424429,1.0,0.0,0.1199996323808167,0.4000002653913727,0.0,0.0,0.0,0.0,2
0.09999991048438245,0.0,0.0,0.0,0.0,0.0,0.24999959075432163,0.0,0.0,1.0,0.33333291696593076,1.0,1.0,0.0,1.0,0.0,1.0,1.0,1.0,1.0,1.0,1.0,0.666666336424429,1.0,1.0,0.1199996323808167,0.8524583202849243,0.15614811000031317,0.0,0.0,0.0,2
0.09999991048438245,0.14285692813608164,0.0,0.7058834604597057,1.0,0.49999914595464334,0.3749995907543216,0.0,0.0,1.0,1.0,1.0,1.0,1.0,1.0,0.0,0.0,1.0,1.0,0.0,1.0,1.0,0.666666336424429,1.0,1.0,0.14693302208242484,0.16721248825643173,0.055123106027654314,0.0,0.0,0.0,2
0.09999991048438245,0.14285692813608164,0.0,0.0,0.0,0.0,0.5,0.0,1.0,1.0,0.33333291696593076,1.0,1.0,1.0,1.0,1.0,1.0,1.0,1.0,1.0,1.0,1.0,0.666666336424429,1.0,1.0,0.1999995404760209,0.8655739619216458,0.15614811000031317,0.0,0.0,0.0,2
0.09999991048438245,0.0,0.0,0.0,0.0,0.0,0.24999959075432163,0.0,0.0,1.0,0.33333291696593076,1.0,1.0,1.0,1.0,1.0,0.0,1.0,1.0,1.0,1.0,1.0,0.666666336424429,1.0,1.0,0.013333088253877813,0.8655739619216458,1.0,0.0,0.0,0.0,2
0.09999991048438245,0.14285692813608164,0.0,0.5294117987833756,0.0,0.0,0.3749995907543216,0.0,0.0,1.0,0.0,1.0,1.0,1.0,1.0,1.0,1.0,1.0,1.0,1.0,1.0,1.0,0.666666336424429,1.0,0.0,0.2533329503966841,0.3999347137223263,0.0,0.0,0.0,0.0,2
0.09999991048438245,0.14285692813608164,0.0,0.9411761127745566,1.0,0.49999914595464334,0.3749995907543216,0.0,0.0,1.0,1.0,1.0,1.0,1.0,1.0,1.0,1.0,1.0,1.0,1.0,1.0,1.0,0.666666336424429,1.0,1.0,0.14666626841255143,0.4000002653913727,0.8545098280293021,0.0,0.0,0.0,4
0.09999991048438245,0.14285692813608164,0.0,0.7058834604597057,1.0,0.49999914595464334,0.3749995907543216,0.0,0.0,1.0,1.0,1.0,1.0,1.0,1.0,0.0,0.0,1.0,1.0,0.0,1.0,1.0,0.666666336424429,1.0,1.0,0.14666626841255143,0.23344355921677695,1.0,0.0,0.0,0.0,2
0.0,0.14285692813608164,0.0,0.0,0.0,0.49999914595464334,0.5,0.0,1.0,1.0,0.33333291696593076,1.0,1.0,1.0,1.0,0.0,1.0,1.0,1.0,1.0,1.0,0.0,0.666666336424429,1.0,1.0,0.09333299634908199,0.4000002653913727,1.0,0.0,0.0,0.0,3
0.09999991048438245,0.42857142857142855,0.0,0.5294117987833756,0.0,0.0,0.3749995907543216,0.0,0.0,1.0,0.33333291696593076,1.0,1.0,1.0,1.0,1.0,1.0,1.0,1.0,0.0,1.0,1.0,0.666666336424429,1.0,1.0,0.30666631436494934,0.8655739619216458,0.8545098280293021,0.0,0.0,0.0,2
0.09999991048438245,0.14285692813608164,0.0,1.0,1.0,0.49999914595464334,0.3749995907543216,0.0,0.0,1.0,1.0,1.0,1.0,1.0,1.0,1.0,1.0,1.0,1.0,1.0,1.0,1.0,0.666666336424429,1.0,0.0,1.0,0.29508229786466106,0.0,0.0,0.0,0.0,4
0.09999991048438245,0.5714274978232653,0.0,0.0,0.0,0.49999914595464334,0.3749995907543216,0.4999999174634062,0.0,1.0,1.0,1.0,1.0,1.0,0.0,1.0,1.0,1.0,1.0,1.0,1.0,1.0,0.666666336424429,1.0,0.0,0.30639956069507596,0.8655739619216458,0.0,0.0,0.0,0.0,2
0.09999991048438245,0.0,0.0,0.0,0.0,0.0,0.24999959075432163,0.0,0.0,1.0,0.33333291696593076,1.0,1.0,1.0,1.0,1.0,1.0,1.0,1.0,1.0,1.0,1.0,0.666666336424429,1.0,1.0,0.3599995864284188,0.24583733631987092,1.0,0.0,0.0,0.0,2
1.0,0.14285692813608164,0.0,0.5882356860088189,1.0,0.49999914595464334,0.3749995907543216,0.0,0.0,1.0,0.33333291696593076,1.0,1.0,1.0,1.0,1.0,1.0,1.0,1.0,1.0,1.0,1.0,0.666666336424429,1.0,0.0,0.1199996323808167,0.4000002653913727,0.0,0.0,0.0,0.0,2
0.09999991048438245,0.14285692813608164,0.0,0.0,0.0,0.0,0.24999959075432163,0.0,0.0,1.0,0.6666667707585172,1.0,1.0,0.0,1.0,1.0,1.0,1.0,1.0,1.0,1.0,1.0,0.666666336424429,1.0,1.0,0.09333299634908199,0.4000002653913727,0.06168040955309425,0.0,0.0,0.0,2
0.09999991048438245,0.14285692813608164,0.0,0.5294117987833756,0.0,0.0,0.3749995907543216,0.0,0.0,1.0,0.0,1.0,1.0,1.0,1.0,1.0,1.0,1.0,1.0,1.0,1.0,1.0,0.666666336424429,1.0,1.0,0.09306624267920861,0.09836200444795941,1.0,0.0,0.0,0.0,2
0.09999991048438245,0.14285692813608164,0.0,0.0,0.0,0.0,0.24999959075432163,0.0,0.0,1.0,0.33333291696593076,1.0,1.0,1.0,0.0,1.0,1.0,1.0,1.0,1.0,1.0,1.0,0.666666336424429,1.0,0.0,0.1199996323808167,0.8655739619216458,0.0,0.0,0.0,0.0,2
0.09999991048438245,0.0,0.0,0.0,0.0,0.0,0.24999959075432163,0.0,0.0,1.0,0.33333291696593076,1.0,1.0,1.0,1.0,1.0,1.0,1.0,1.0,1.0,1.0,1.0,0.666666336424429,1.0,1.0,0.1199996323808167,0.24583733631987092,1.0,0.0,0.0,0.0,2
0.09999991048438245,0.0,0.0,0.0,0.0,0.0,0.5,0.0,0.0,1.0,0.33333291696593076,1.0,1.0,1.0,1.0,1.0,1.0,1.0,1.0,1.0,1.0,1.0,0.666666336424429,1.0,1.0,0.14666626841255143,0.8655739619216458,0.15614811000031317,0.0,0.0,0.0,1
0.09999991048438245,0.42857142857142855,0.0,0.0,0.0,0.0,0.0,0.0,0.0,1.0,1.0,1.0,1.0,1.0,1.0,1.0,1.0,1.0,1.0,1.0,1.0,1.0,0.666666336424429,1.0,1.0,0.11973287871094333,0.4000002653913727,0.15614811000031317,0.0,0.0,0.0,2
0.09999991048438245,0.0,0.0,0.0,0.0,0.0,0.5,0.0,0.0,1.0,0.33333291696593076,1.0,1.0,1.0,1.0,1.0,1.0,1.0,1.0,1.0,1.0,1.0,0.666666336424429,1.0,1.0,0.09333299634908199,0.39934448330953654,0.12541036309135103,0.0,0.0,0.0,2
0.09999991048438245,0.42857142857142855,0.0,0.0,0.0,0.49999914595464334,0.3749995907543216,0.7142847238465883,0.0,0.0,0.33333291696593076,1.0,1.0,1.0,1.0,1.0,1.0,1.0,1.0,1.0,1.0,1.0,0.666666336424429,1.0,1.0,0.3599995864284188,0.3999347137223263,1.0,0.0,0.0,0.0,1
0.09999991048438245,0.14285692813608164,0.0,0.0,0.0,0.0,0.5,0.0,1.0,1.0,1.0,1.0,1.0,1.0,1.0,1.0,1.0,1.0,1.0,1.0,1.0,1.0,0.666666336424429,1.0,0.0,0.09359975001895536,0.8655739619216458,0.0,0.0,0.0,0.0,2
0.09999991048438245,0.14285692813608164,0.0,0.0,0.0,0.0,0.24999959075432163,0.0,0.0,1.0,0.6666667707585172,1.0,1.0,0.0,1.0,1.0,1.0,1.0,1.0,1.0,1.0,1.0,0.666666336424429,1.0,1.0,0.09333299634908199,0.4000002653913727,0.15614811000031317,0.0,0.0,0.0,2
1.0,0.0,0.0,0.0,0.0,0.0,0.5,0.0,0.0,1.0,0.33333291696593076,1.0,1.0,1.0,1.0,1.0,1.0,1.0,1.0,1.0,1.0,1.0,0.666666336424429,1.0,1.0,0.3599995864284188,0.4000002653913727,1.0,0.0,0.0,0.0,2
0.09999991048438245,0.14285692813608164,0.0,0.0,0.0,0.0,0.24999959075432163,0.0,0.0,1.0,0.33333291696593076,1.0,1.0,1.0,1.0,1.0,0.0,1.0,1.0,1.0,1.0,1.0,0.666666336424429,1.0,1.0,0.1199996323808167,0.4000002653913727,1.0,0.0,0.0,0.0,2
0.09999991048438245,0.14285692813608164,0.0,0.5294117987833756,0.0,0.0,0.3749995907543216,0.0,0.0,1.0,0.0,1.0,1.0,1.0,1.0,1.0,1.0,1.0,1.0,1.0,1.0,1.0,0.666666336424429,1.0,1.0,0.09306624267920861,0.3999347137223263,1.0,0.0,0.0,0.0,2
0.09999991048438245,0.0,0.0,0.0,0.0,0.0,0.5,0.0,0.0,1.0,0.33333291696593076,1.0,1.0,1.0,1.0,0.0,0.0,1.0,1.0,1.0,1.0,1.0,0.666666336424429,1.0,1.0,0.14666626841255143,0.4000002653913727,0.15614811000031317,0.0,0.0,0.0,1
0.0,0.14285692813608164,0.0,0.0,0.0,0.49999914595464334,0.5,0.0,1.0,1.0,0.33333291696593076,1.0,1.0,1.0,1.0,0.0,1.0,1.0,1.0,1.0,1.0,1.0,0.666666336424429,1.0,0.0,0.09333299634908199,0.4000002653913727,0.0,0.0,0.0,0.0,3
0.09999991048438245,0.14285692813608164,0.0,0.0,0.0,0.0,0.24999959075432163,0.0,0.0,1.0,0.6666667707585172,1.0,1.0,1.0,1.0,1.0,1.0,1.0,1.0,1.0,1.0,1.0,0.666666336424429,1.0,1.0,0.19973301656813708,0.4000002653913727,0.15614811000031317,0.0,0.0,0.0,2
0.09999991048438245,0.0,0.0,0.0,0.0,0.0,0.24999959075432163,0.0,0.0,1.0,0.33333291696593076,1.0,1.0,0.0,1.0,0.0,1.0,1.0,1.0,1.0,1.0,1.0,0.666666336424429,1.0,1.0,0.1199996323808167,0.8524583202849243,1.0,0.0,0.0,0.0,2
0.09999991048438245,0.0,0.0,0.0,0.0,0.0,0.24999959075432163,0.0,0.0,1.0,0.33333291696593076,1.0,1.0,0.0,1.0,1.0,1.0,1.0,1.0,1.0,1.0,1.0,0.666666336424429,1.0,1.0,0.11973287871094333,0.4000002653913727,1.0,0.0,0.0,0.0,2
0.09999991048438245,0.0,0.0,0.0,0.0,0.49999914595464334,0.3749995907543216,0.7142847238465883,0.0,1.0,0.33333291696593076,1.0,1.0,1.0,1.0,1.0,1.0,1.0,1.0,1.0,1.0,1.0,0.666666336424429,1.0,1.0,0.1999995404760209,0.7213111926157505,0.15614811000031317,0.0,0.0,0.0,2
0.09999991048438245,0.0,0.0,0.0,0.0,0.0,0.24999959075432163,0.0,0.0,1.0,0.33333291696593076,1.0,1.0,1.0,1.0,1.0,1.0,1.0,1.0,1.0,1.0,1.0,0.666666336424429,1.0,1.0,0.11973287871094333,0.4000002653913727,1.0,0.0,0.0,0.0,2
0.09999991048438245,0.14285692813608164,0.0,0.0,0.0,0.0,0.24999959075432163,0.0,0.0,1.0,1.0,1.0,1.0,1.0,0.0,1.0,1.0,1.0,1.0,1.0,1.0,1.0,0.666666336424429,1.0,1.0,0.1199996323808167,0.8524583202849243,1.0,0.0,0.0,0.0,2
0.0,0.14285692813608164,0.0,0.0,0.0,0.49999914595464334,0.5,0.0,1.0,1.0,0.33333291696593076,1.0,1.0,1.0,1.0,1.0,1.0,1.0,1.0,1.0,1.0,0.0,0.666666336424429,1.0,0.0,0.3599995864284188,0.8000010615654907,0.0,0.0,0.0,0.0,3
0.0,0.14285692813608164,0.0,0.0,0.0,0.49999914595464334,0.5,0.0,1.0,1.0,0.33333291696593076,1.0,1.0,1.0,1.0,1.0,1.0,0.0,1.0,1.0,1.0,1.0,0.666666336424429,1.0,1.0,0.3599995864284188,0.4000002653913727,1.0,0.0,0.0,0.0,3
0.09999991048438245,0.42857142857142855,0.6428572815575456,0.0,0.0,0.49999914595464334,0.3749995907543216,0.0,0.0,1.0,0.33333291696593076,1.0,1.0,1.0,1.0,1.0,1.0,1.0,1.0,1.0,1.0,1.0,0.666666336424429,1.0,0.0,0.22399955885698003,0.4000002653913727,0.0,0.0,0.0,0.0,2
0.09999991048438245,0.8571417835375509,0.0,0.0,0.0,0.49999914595464334,0.3749995907543216,0.4428565320863484,0.0,1.0,1.0,1.0,1.0,0.0,1.0,1.0,1.0,1.0,1.0,1.0,1.0,1.0,0.666666336424429,1.0,1.0,0.600000459523979,0.4000002653913727,1.0,0.0,0.0,0.0,2
1.0,0.14285692813608164,0.0,0.5882356860088189,1.0,0.49999914595464334,0.3749995907543216,0.0,0.0,1.0,0.33333291696593076,1.0,1.0,0.0,1.0,1.0,1.0,1.0,1.0,1.0,1.0,1.0,0.666666336424429,1.0,0.0,0.3599995864284188,0.8196718701068466,0.0,0.0,0.0,0.0,2
0.09999991048438245,1.0,0.0,0.0,0.0,0.0,0.24999959075432163,0.0,0.0,1.0,0.33333291696593076,0.6666659263671318,1.0,1.0,1.0,1.0,1.0,1.0,1.0,1.0,1.0,1.0,0.666666336424429,1.0,0.0,0.46666636031734726,1.0,0.0,0.0,0.0,0.0,1
0.09999991048438245,0.14285692813608164,0.0,0.5294117987833756,0.0,0.0,0.3749995907543216,0.0,0.0,1.0,0.0,1.0,1.0,1.0,1.0,1.0,1.0,1.0,1.0,1.0,1.0,1.0,0.666666336424429,1.0,0.0,0.11973287871094333,0.8655739619216458,0.0,1.0,0.0,0.0,2
0.09999991048438245,0.14285692813608164,0.0,1.0,1.0,0.49999914595464334,0.3749995907543216,0.0,0.0,1.0,1.0,1.0,1.0,1.0,1.0,1.0,1.0,1.0,1.0,1.0,1.0,1.0,0.666666336424429,0.0,0.0,0.7869325166060478,0.6557377614768499,0.0,0.0,1.0,0.0,4
0.09999991048438245,0.0,0.0,0.0,0.0,0.0,0.24999959075432163,0.0,0.0,1.0,0.33333291696593076,1.0,1.0,1.0,1.0,1.0,1.0,1.0,1.0,1.0,1.0,1.0,0.666666336424429,0.0,0.0,0.1199996323808167,0.8655739619216458,0.0,0.0,0.0,0.0,2
0.09999991048438245,0.0,0.0,0.0,0.0,0.0,0.24999959075432163,0.0,0.0,1.0,0.33333291696593076,1.0,1.0,1.0,1.0,0.0,0.0,1.0,1.0,1.0,1.0,1.0,0.666666336424429,1.0,1.0,0.7866659926981638,0.4000002653913727,0.204918441604235,0.0,0.0,0.0,2
0.09999991048438245,0.0,0.0,0.0,0.0,0.0,0.24999959075432163,0.0,0.0,1.0,0.33333291696593076,1.0,1.0,1.0,1.0,1.0,1.0,1.0,1.0,1.0,1.0,1.0,0.666666336424429,1.0,0.0,0.17333290444428615,0.6335080493203327,0.0,0.0,0.0,0.0,2
0.09999991048438245,0.0,0.0,0.0,0.0,0.0,0.5,0.0,0.0,1.0,0.33333291696593076,1.0,1.0,1.0,1.0,1.0,1.0,1.0,1.0,1.0,1.0,1.0,0.666666336424429,1.0,1.0,0.09359975001895536,0.24590103024930868,0.12541036309135103,0.0,0.0,0.0,2
0.0,0.14285692813608164,0.0,0.0,0.0,0.49999914595464334,0.5,0.0,1.0,1.0,0.33333291696593076,1.0,1.0,1.0,1.0,1.0,1.0,0.0,1.0,1.0,1.0,1.0,0.666666336424429,1.0,1.0,0.09333299634908199,0.4000002653913727,1.0,0.0,0.0,0.0,3
0.09999991048438245,0.0,0.0,0.0,0.0,0.0,0.24999959075432163,0.0,0.0,1.0,0.33333291696593076,1.0,1.0,1.0,1.0,1.0,1.0,1.0,1.0,1.0,1.0,1.0,0.666666336424429,1.0,0.0,0.3599995864284188,0.03278645017807761,0.0,0.0,0.0,0.0,1
0.09999991048438245,0.14285692813608164,0.0,1.0,1.0,0.49999914595464334,0.3749995907543216,0.0,0.0,1.0,1.0,1.0,1.0,1.0,1.0,1.0,1.0,1.0,1.0,1.0,1.0,1.0,0.666666336424429,1.0,0.0,0.7866659926981638,0.3999347137223263,0.0,0.0,0.0,0.0,4
0.0,0.14285692813608164,0.0,0.0,0.0,0.49999914595464334,0.5,0.0,1.0,1.0,0.33333291696593076,1.0,1.0,1.0,1.0,1.0,1.0,1.0,1.0,1.0,1.0,0.0,0.666666336424429,1.0,0.0,0.3599995864284188,0.03278645017807761,0.0,0.0,0.0,0.0,3
0.09999991048438245,0.14285692813608164,0.0,0.0,0.0,0.0,0.24999959075432163,0.0,0.0,1.0,0.33333291696593076,1.0,1.0,0.0,1.0,0.0,0.0,1.0,1.0,1.0,1.0,1.0,0.666666336424429,1.0,1.0,0.3597328327585454,0.8524583202849243,1.0,0.0,0.0,0.0,2
0.09999991048438245,0.42857142857142855,0.0,0.0,0.0,1.0,0.24999959075432163,0.0,0.0,1.0,1.0,1.0,1.0,1.0,1.0,1.0,1.0,1.0,1.0,1.0,1.0,1.0,0.666666336424429,1.0,1.0,0.013599612161761648,0.4000002653913727,1.0,0.0,0.0,0.0,2
0.09999991048438245,0.42857142857142855,0.9285706795892537,0.0,0.0,0.49999914595464334,0.3749995907543216,0.0,0.0,1.0,0.33333291696593076,1.0,1.0,1.0,0.0,1.0,1.0,1.0,1.0,1.0,1.0,1.0,0.666666336424429,1.0,0.0,0.3333329503966841,0.4196724008895919,0.0,0.0,0.0,0.0,2
0.09999991048438245,0.14285692813608164,0.0,0.0,0.0,0.0,0.24999959075432163,0.0,0.0,1.0,0.6666667707585172,1.0,1.0,0.0,1.0,1.0,0.0,1.0,1.0,1.0,1.0,1.0,0.666666336424429,1.0,1.0,0.11973287871094333,0.340983858896715,1.0,0.0,0.0,0.0,2
1.0,0.14285692813608164,0.0,0.5882356860088189,1.0,0.49999914595464334,0.3749995907543216,0.0,0.0,1.0,0.33333291696593076,1.0,1.0,1.0,1.0,1.0,1.0,1.0,1.0,1.0,1.0,1.0,0.666666336424429,1.0,0.0,0.09333299634908199,0.8196718701068466,0.0,0.0,0.0,0.0,2
0.09999991048438245,0.14285692813608164,0.0,0.0,0.0,0.0,0.24999959075432163,0.0,0.0,1.0,0.33333291696593076,1.0,1.0,0.0,1.0,1.0,1.0,1.0,1.0,1.0,1.0,1.0,0.666666336424429,1.0,0.0,0.3599995864284188,0.8655739619216458,0.0,0.0,0.0,0.0,2
0.09999991048438245,0.0,0.0,0.0,0.0,0.0,0.24999959075432163,0.0,0.0,1.0,0.33333291696593076,1.0,1.0,1.0,1.0,1.0,1.0,1.0,1.0,1.0,1.0,1.0,0.666666336424429,1.0,0.0,0.17359965811415953,0.6335080493203327,0.0,0.0,0.0,0.0,2
0.09999991048438245,0.7142857142857143,1.0,0.0,0.0,0.49999914595464334,0.3749995907543216,0.0,0.0,1.0,0.33333291696593076,1.0,1.0,1.0,1.0,1.0,1.0,1.0,1.0,1.0,1.0,1.0,0.666666336424429,1.0,1.0,0.46666636031734726,0.6557377614768499,1.0,0.0,0.0,0.0,2
0.09999991048438245,0.14285692813608164,0.0,0.0,0.0,0.0,0.5,0.0,1.0,1.0,0.33333291696593076,1.0,1.0,1.0,1.0,1.0,1.0,1.0,1.0,1.0,1.0,1.0,0.666666336424429,1.0,1.0,0.1999995404760209,0.4000002653913727,1.0,0.0,0.0,0.0,2
0.09999991048438245,0.0,0.0,0.0,0.0,0.0,0.24999959075432163,0.0,0.0,1.0,0.33333291696593076,1.0,1.0,0.0,1.0,1.0,1.0,1.0,1.0,1.0,1.0,1.0,0.666666336424429,1.0,0.0,0.3599995864284188,0.8655739619216458,0.0,0.0,0.0,1.0,2
0.09999991048438245,0.0,0.0,0.0,0.0,0.0,0.24999959075432163,0.0,0.0,1.0,0.33333291696593076,1.0,1.0,1.0,0.0,1.0,1.0,1.0,1.0,1.0,1.0,1.0,0.666666336424429,1.0,1.0,0.14666626841255143,0.8524583202849243,0.15614811000031317,0.0,0.0,0.0,1
0.09999991048438245,0.42857142857142855,0.0,0.0,0.0,1.0,0.24999959075432163,0.0,0.0,1.0,1.0,1.0,1.0,1.0,1.0,1.0,1.0,1.0,1.0,1.0,1.0,1.0,0.666666336424429,1.0,1.0,0.013599612161761648,0.8655739619216458,1.0,0.0,0.0,0.0,2
0.09999991048438245,0.5714274978232653,0.0,0.0,0.0,0.49999914595464334,0.3749995907543216,0.8571423619232942,0.0,1.0,1.0,1.0,1.0,1.0,0.0,1.0,1.0,1.0,1.0,1.0,1.0,1.0,0.666666336424429,1.0,0.0,0.2799996783332146,0.7147539025801349,0.0,0.0,0.0,0.0,1
0.09999991048438245,0.0,0.0,0.0,0.0,0.0,0.24999959075432163,0.0,0.0,1.0,0.33333291696593076,1.0,1.0,1.0,0.0,1.0,1.0,1.0,1.0,1.0,1.0,1.0,0.666666336424429,1.0,1.0,0.7866659926981638,0.8524583202849243,0.15614811000031317,0.0,0.0,0.0,2
0.09999991048438245,0.0,0.0,0.0,0.0,0.0,0.24999959075432163,0.0,0.0,1.0,0.33333291696593076,1.0,1.0,1.0,1.0,1.0,1.0,1.0,1.0,1.0,1.0,1.0,0.666666336424429,1.0,0.0,0.1199996323808167,0.8000010615654907,0.0,0.0,0.0,0.0,2
0.09999991048438245,0.0,0.0,0.0,0.0,0.0,0.24999959075432163,0.0,0.0,1.0,0.33333291696593076,1.0,1.0,1.0,0.0,1.0,1.0,1.0,1.0,1.0,1.0,1.0,0.666666336424429,1.0,0.0,0.11973287871094333,0.8655739619216458,0.0,0.0,0.0,0.0,2
0.09999991048438245,0.14285692813608164,0.0,0.5294117987833756,0.0,0.0,0.3749995907543216,0.0,0.0,1.0,0.0,1.0,1.0,1.0,1.0,1.0,1.0,1.0,1.0,1.0,1.0,1.0,0.666666336424429,1.0,1.0,0.09306624267920861,0.4000002653913727,0.15594319426514316,0.0,0.0,0.0,2
0.09999991048438245,0.14285692813608164,0.0,0.0,0.0,0.0,0.24999959075432163,0.0,0.0,1.0,0.6666667707585172,1.0,1.0,0.0,1.0,1.0,1.0,1.0,1.0,1.0,1.0,1.0,0.666666336424429,1.0,1.0,0.11973287871094333,0.4000002653913727,0.0819674539683865,0.0,0.0,0.0,2
0.09999991048438245,0.14285692813608164,0.0,0.5294117987833756,0.0,0.0,0.3749995907543216,0.0,0.0,1.0,0.0,1.0,1.0,1.0,1.0,1.0,1.0,1.0,1.0,1.0,1.0,1.0,0.666666336424429,1.0,1.0,0.3599995864284188,0.8655739619216458,0.12541036309135103,0.0,0.0,0.0,2
0.09999991048438245,0.0,0.0,0.0,0.0,0.0,0.24999959075432163,0.0,0.0,1.0,0.33333291696593076,1.0,1.0,0.0,1.0,1.0,0.0,1.0,1.0,1.0,1.0,1.0,0.666666336424429,1.0,1.0,0.7866659926981638,0.8524583202849243,0.15614811000031317,0.0,0.0,0.0,2
0.09999991048438245,0.14285692813608164,0.0,0.0,0.0,0.0,0.24999959075432163,0.0,0.0,1.0,0.33333291696593076,1.0,1.0,1.0,1.0,1.0,0.0,1.0,1.0,1.0,1.0,1.0,0.666666336424429,1.0,1.0,0.3597328327585454,0.8655739619216458,0.15614811000031317,0.0,0.0,0.0,2
0.09999991048438245,1.0,0.0,0.0,0.0,0.0,0.24999959075432163,0.0,0.0,1.0,0.33333291696593076,0.0,1.0,1.0,1.0,1.0,1.0,1.0,1.0,1.0,1.0,1.0,0.666666336424429,1.0,0.0,0.11973287871094333,0.3999347137223263,0.0,0.0,0.0,0.0,2
0.09999991048438245,0.14285692813608164,0.0,0.0,0.0,0.0,0.24999959075432163,0.0,0.0,1.0,1.0,1.0,1.0,1.0,1.0,0.0,0.0,1.0,1.0,1.0,1.0,1.0,0.666666336424429,1.0,1.0,0.1199996323808167,0.4000002653913727,0.15614811000031317,0.0,0.0,0.0,2
0.09999991048438245,0.8571417835375509,0.0,0.0,0.0,0.49999914595464334,0.3749995907543216,0.4428565320863484,0.0,1.0,1.0,1.0,1.0,0.0,1.0,1.0,1.0,1.0,1.0,1.0,1.0,1.0,0.666666336424429,1.0,1.0,0.600000459523979,0.8359987473527211,0.15614811000031317,0.0,0.0,0.0,2
0.09999991048438245,0.14285692813608164,0.0,0.0,0.0,0.0,0.5,0.0,1.0,1.0,0.33333291696593076,1.0,1.0,1.0,1.0,1.0,1.0,1.0,1.0,1.0,1.0,1.0,0.666666336424429,1.0,0.0,0.09333299634908199,0.01311564163672168,0.0,0.0,0.0,0.0,2
0.0,0.42857142857142855,0.0,0.0,0.0,1.0,0.0,0.0,0.0,1.0,0.33333291696593076,1.0,1.0,1.0,1.0,1.0,1.0,0.0,1.0,1.0,1.0,1.0,0.666666336424429,1.0,0.0,0.3599995864284188,0.4000002653913727,0.0,0.0,0.0,0.0,3
0.09999991048438245,0.0,0.0,0.0,0.0,0.0,0.24999959075432163,0.0,0.0,1.0,0.33333291696593076,1.0,1.0,1.0,1.0,1.0,1.0,1.0,1.0,0.0,1.0,1.0,0.666666336424429,1.0,0.0,0.018933077225302308,0.4000002653913727,0.0,0.0,0.0,0.0,2
0.0,0.42857142857142855,0.0,0.0,0.0,1.0,0.0,0.0,0.0,1.0,0.33333291696593076,1.0,1.0,1.0,1.0,1.0,1.0,0.0,1.0,1.0,1.0,1.0,0.666666336424429,1.0,0.0,0.09333299634908199,0.16393490480411463,0.0,0.0,0.0,0.0,3
0.09999991048438245,0.14285692813608164,0.0,0.0,0.0,0.0,0.24999959075432163,0.0,0.0,1.0,0.6666667707585172,1.0,1.0,0.0,1.0,0.0,0.0,1.0,1.0,1.0,1.0,1.0,0.666666336424429,1.0,1.0,0.11973287871094333,0.8655739619216458,0.15594319426514316,0.0,0.0,0.0,2
0.09999991048438245,0.5714274978232653,0.0,0.0,0.0,0.49999914595464334,0.3749995907543216,0.8571423619232942,0.0,1.0,1.0,1.0,1.0,1.0,1.0,1.0,1.0,1.0,1.0,1.0,1.0,1.0,0.666666336424429,1.0,1.0,0.2797329246633412,0.6885244770463003,0.2500005606185207,0.0,0.0,0.0,1
0.09999991048438245,0.0,0.0,0.0,0.0,0.0,0.5,0.0,0.0,1.0,0.33333291696593076,1.0,1.0,1.0,1.0,1.0,1.0,1.0,1.0,1.0,1.0,1.0,0.666666336424429,1.0,1.0,0.09333299634908199,0.24590103024930868,1.0,0.0,0.0,0.0,2
0.09999991048438245,0.0,0.08571440777064014,0.0,1.0,0.49999914595464334,0.3749995907543216,0.0,0.0,1.0,0.33333291696593076,1.0,1.0,0.0,1.0,1.0,1.0,1.0,1.0,1.0,1.0,1.0,0.666666336424429,1.0,0.0,0.2533329503966841,0.8000010615654907,0.0,0.0,0.0,0.0,2
0.09999991048438245,0.7142857142857143,0.0,0.0,0.0,0.49999914595464334,0.3749995907543216,0.5714287365017591,0.0,1.0,0.33333291696593076,1.0,1.0,1.0,1.0,1.0,1.0,1.0,1.0,1.0,1.0,1.0,0.666666336424429,1.0,0.0,0.1999995404760209,0.04918232918084297,0.0,0.0,0.0,0.0,0
0.09999991048438245,0.0,0.0,0.0,0.0,0.0,0.24999959075432163,0.0,0.0,1.0,0.33333291696593076,1.0,1.0,1.0,1.0,1.0,1.0,1.0,1.0,0.0,1.0,1.0,0.666666336424429,1.0,1.0,0.013599612161761648,0.4000002653913727,0.15614811000031317,0.0,0.0,0.0,2
0.09999991048438245,0.0,0.0,0.0,0.0,0.0,0.24999959075432163,0.0,0.0,1.0,0.33333291696593076,1.0,1.0,1.0,1.0,1.0,1.0,1.0,1.0,1.0,1.0,1.0,0.666666336424429,0.0,0.0,0.25359961216176163,0.03278645017807761,0.0,0.0,0.0,0.0,2
0.09999991048438245,0.0,0.0,0.0,0.0,0.0,0.24999959075432163,0.0,0.0,1.0,0.33333291696593076,1.0,1.0,0.0,1.0,1.0,1.0,1.0,1.0,1.0,1.0,1.0,0.666666336424429,1.0,1.0,0.1199996323808167,0.09836200444795941,0.15614811000031317,0.0,0.0,0.0,2
0.09999991048438245,0.14285692813608164,0.0,0.0,0.0,0.0,0.24999959075432163,0.0,0.0,1.0,0.33333291696593076,1.0,1.0,1.0,1.0,1.0,1.0,1.0,1.0,0.0,1.0,1.0,0.666666336424429,1.0,0.0,0.1199996323808167,0.4000002653913727,0.0,0.0,0.0,1.0,2
0.09999991048438245,0.0,0.0,0.0,0.0,0.0,0.24999959075432163,0.0,0.0,1.0,0.33333291696593076,1.0,1.0,1.0,1.0,1.0,1.0,1.0,1.0,1.0,1.0,1.0,0.666666336424429,1.0,1.0,0.7866659926981638,0.8655739619216458,1.0,0.0,0.0,0.0,2
0.09999991048438245,0.14285692813608164,0.0,0.5882356860088189,1.0,0.49999914595464334,0.3749995907543216,0.0,0.0,1.0,1.0,1.0,1.0,1.0,1.0,1.0,1.0,1.0,1.0,1.0,1.0,1.0,0.666666336424429,1.0,0.0,0.09359975001895536,0.4000002653913727,0.0,0.0,0.0,0.0,2
0.09999991048438245,0.14285692813608164,0.0,0.5294117987833756,0.0,0.0,0.3749995907543216,0.0,0.0,1.0,0.0,1.0,1.0,1.0,1.0,0.0,1.0,1.0,1.0,1.0,1.0,1.0,0.666666336424429,1.0,1.0,0.013333088253877813,0.4000002653913727,0.15614811000031317,0.0,0.0,0.0,2
0.09999991048438245,0.14285692813608164,0.0,0.0,0.0,0.0,0.24999959075432163,0.0,0.0,1.0,1.0,1.0,1.0,1.0,1.0,0.0,1.0,1.0,1.0,1.0,1.0,1.0,0.666666336424429,1.0,1.0,0.1199996323808167,0.4000002653913727,1.0,0.0,0.0,0.0,2
0.09999991048438245,0.7142857142857143,0.0,0.0,0.0,0.49999914595464334,0.3749995907543216,0.5714287365017591,0.0,1.0,0.33333291696593076,1.0,1.0,1.0,1.0,1.0,1.0,1.0,1.0,1.0,1.0,1.0,0.666666336424429,1.0,0.0,0.14666626841255143,0.04918232918084297,0.0,0.0,0.0,0.0,0
1.0,0.14285692813608164,0.0,0.5882356860088189,1.0,0.49999914595464334,0.3749995907543216,0.0,0.0,1.0,0.33333291696593076,1.0,1.0,0.0,1.0,1.0,1.0,1.0,1.0,1.0,1.0,1.0,0.666666336424429,1.0,1.0,0.3599995864284188,0.8196718701068466,1.0,0.0,0.0,0.0,2
0.09999991048438245,0.0,0.0,0.0,0.0,0.0,0.24999959075432163,0.0,0.0,1.0,0.33333291696593076,1.0,1.0,0.0,1.0,1.0,1.0,1.0,1.0,1.0,1.0,1.0,0.666666336424429,1.0,1.0,0.3599995864284188,0.32786927882548395,1.0,0.0,0.0,0.0,2
0.09999991048438245,0.42857142857142855,0.0,0.0,0.0,1.0,0.24999959075432163,0.0,0.0,1.0,1.0,1.0,1.0,1.0,1.0,1.0,1.0,1.0,1.0,1.0,1.0,1.0,0.666666336424429,1.0,1.0,0.1199996323808167,0.8655739619216458,1.0,0.0,0.0,0.0,2
0.0,0.42857142857142855,0.0,0.0,0.0,1.0,0.0,0.0,0.0,1.0,0.33333291696593076,1.0,1.0,1.0,1.0,1.0,1.0,1.0,1.0,1.0,1.0,0.0,0.666666336424429,1.0,1.0,0.3599995864284188,0.4000002653913727,0.15614811000031317,0.0,0.0,0.0,3
0.09999991048438245,0.14285692813608164,0.0,0.5294117987833756,0.0,0.0,0.3749995907543216,0.0,0.0,1.0,0.0,1.0,1.0,1.0,1.0,0.0,0.0,1.0,1.0,1.0,1.0,1.0,0.666666336424429,1.0,1.0,0.3599995864284188,0.8524583202849243,1.0,0.0,0.0,0.0,2
0.09999991048438245,0.14285692813608164,0.0,1.0,1.0,0.49999914595464334,0.3749995907543216,0.0,0.0,1.0,1.0,1.0,1.0,1.0,1.0,1.0,1.0,1.0,1.0,1.0,1.0,1.0,0.666666336424429,0.0,0.0,0.7869325166060478,0.4000002653913727,0.0,0.0,1.0,0.0,4
0.09999991048438245,0.0,0.0,0.0,0.0,0.0,0.24999959075432163,0.0,0.0,1.0,0.33333291696593076,1.0,1.0,1.0,1.0,0.0,1.0,1.0,1.0,1.0,1.0,1.0,0.666666336424429,1.0,0.0,0.039999724285612534,0.8655739619216458,0.0,0.0,0.0,0.0,2
0.09999991048438245,0.14285692813608164,0.0,0.0,0.0,0.0,0.5,0.0,1.0,1.0,0.33333291696593076,1.0,1.0,1.0,1.0,1.0,1.0,1.0,1.0,1.0,1.0,1.0,0.666666336424429,0.0,0.0,0.1199996323808167,0.4000002653913727,0.0,0.0,0.0,0.0,2
1.0,0.14285692813608164,0.0,1.0,1.0,0.49999914595464334,0.3749995907543216,0.0,0.0,1.0,0.33333291696593076,1.0,1.0,1.0,0.0,1.0,1.0,1.0,1.0,1.0,1.0,1.0,0.666666336424429,1.0,1.0,0.039999724285612534,0.8000010615654907,0.0,0.0,0.0,0.0,4
0.09999991048438245,0.14285692813608164,0.0,0.0,0.0,0.0,0.5,0.0,1.0,1.0,1.0,1.0,1.0,1.0,1.0,1.0,1.0,1.0,1.0,1.0,1.0,1.0,0.666666336424429,1.0,0.0,0.600000459523979,0.8655739619216458,0.0,0.0,0.0,0.0,2
0.09999991048438245,0.42857142857142855,0.0,0.0,0.0,0.0,0.0,0.0,0.0,1.0,1.0,1.0,1.0,1.0,1.0,0.0,0.0,1.0,1.0,1.0,1.0,1.0,0.666666336424429,1.0,1.0,0.11973287871094333,0.8524583202849243,0.15614811000031317,0.0,0.0,0.0,2
0.09999991048438245,0.14285692813608164,0.0,0.0,0.0,0.0,0.5,0.0,1.0,1.0,0.33333291696593076,1.0,1.0,1.0,1.0,0.0,0.0,1.0,1.0,0.0,1.0,1.0,0.666666336424429,1.0,1.0,0.1199996323808167,0.24590103024930868,0.12541036309135103,0.0,0.0,0.0,2
0.09999991048438245,0.5714274978232653,0.0,0.0,0.0,0.49999914595464334,0.3749995907543216,0.4999999174634062,0.0,1.0,1.0,1.0,1.0,1.0,1.0,1.0,1.0,1.0,1.0,1.0,1.0,1.0,0.666666336424429,1.0,0.0,0.3599995864284188,0.3999347137223263,0.0,0.0,0.0,0.0,2
0.09999991048438245,1.0,0.0,0.0,0.0,0.0,0.24999959075432163,0.0,0.0,1.0,0.33333291696593076,0.6666659263671318,1.0,1.0,1.0,1.0,1.0,1.0,1.0,1.0,1.0,1.0,0.666666336424429,1.0,0.0,0.14666626841255143,0.01311564163672168,0.0,0.0,0.0,0.0,1
0.09999991048438245,0.14285692813608164,0.0,0.0,0.0,0.0,0.24999959075432163,0.0,0.0,1.0,0.6666667707585172,1.0,1.0,0.0,1.0,0.0,0.0,1.0,1.0,1.0,1.0,1.0,0.666666336424429,1.0,1.0,0.19973301656813708,0.8000010615654907,1.0,0.0,0.0,0.0,2
0.09999991048438245,0.0,0.0,0.0,0.0,0.0,0.24999959075432163,0.0,0.0,1.0,0.33333291696593076,1.0,1.0,1.0,1.0,1.0,0.0,1.0,1.0,1.0,1.0,1.0,0.666666336424429,1.0,1.0,0.46666636031734726,0.4000002653913727,0.12541036309135103,0.0,0.0,0.0,1
0.09999991048438245,0.0,0.08571440777064014,0.0,1.0,0.49999914595464334,0.3749995907543216,0.0,0.0,1.0,0.33333291696593076,1.0,1.0,1.0,1.0,1.0,1.0,1.0,1.0,1.0,1.0,1.0,0.666666336424429,1.0,1.0,0.09333299634908199,0.4000002653913727,0.15614811000031317,0.0,0.0,0.0,2
0.0,0.42857142857142855,0.0,0.0,0.0,1.0,0.0,0.0,0.0,1.0,0.33333291696593076,1.0,1.0,1.0,1.0,1.0,1.0,1.0,1.0,1.0,1.0,0.0,0.666666336424429,1.0,0.0,0.1463997445046676,0.1638685569609503,0.0,0.0,0.0,0.0,3
0.09999991048438245,0.42857142857142855,0.7857139805733996,0.0,0.0,0.49999914595464334,0.3749995907543216,0.0,0.0,1.0,0.33333291696593076,1.0,1.0,1.0,1.0,1.0,1.0,1.0,1.0,1.0,1.0,1.0,0.666666336424429,1.0,0.0,0.22399955885698003,0.4000002653913727,0.0,0.0,0.0,0.0,2
0.09999991048438245,0.14285692813608164,0.0,0.0,0.0,0.0,0.24999959075432163,0.0,0.0,1.0,0.33333291696593076,1.0,1.0,0.0,1.0,1.0,1.0,1.0,1.0,1.0,1.0,1.0,0.666666336424429,1.0,1.0,0.7866659926981638,0.8655739619216458,1.0,0.0,0.0,0.0,2
0.09999991048438245,0.14285692813608164,0.0,0.0,0.0,0.0,0.24999959075432163,0.0,0.0,1.0,1.0,1.0,1.0,1.0,1.0,1.0,1.0,1.0,1.0,1.0,1.0,1.0,0.666666336424429,1.0,1.0,0.11973287871094333,0.4000002653913727,0.15614811000031317,1.0,0.0,0.0,2
0.09999991048438245,0.42857142857142855,0.7857139805733996,0.0,0.0,0.49999914595464334,0.3749995907543216,0.0,0.0,1.0,0.33333291696593076,1.0,1.0,1.0,1.0,1.0,1.0,1.0,1.0,1.0,1.0,1.0,0.666666336424429,1.0,0.0,0.5199996323808167,0.5901640649465767,0.0,0.0,0.0,0.0,2
0.09999991048438245,0.0,0.0,0.0,0.0,0.0,0.24999959075432163,0.0,0.0,1.0,0.33333291696593076,1.0,1.0,1.0,1.0,1.0,1.0,1.0,1.0,1.0,1.0,1.0,0.666666336424429,1.0,1.0,0.3599995864284188,0.9836067749109612,0.12541036309135103,0.0,0.0,0.0,1
0.09999991048438245,0.0,0.0,0.0,0.0,0.0,0.5,0.0,0.0,1.0,0.33333291696593076,1.0,1.0,1.0,1.0,1.0,1.0,1.0,1.0,1.0,1.0,1.0,0.666666336424429,1.0,1.0,0.46666636031734726,0.4000002653913727,0.8545098280293021,0.0,0.0,0.0,1
0.09999991048438245,0.14285692813608164,0.0,0.0,0.0,0.0,0.24999959075432163,0.0,0.0,1.0,0.6666667707585172,1.0,1.0,0.0,1.0,0.0,0.0,1.0,1.0,1.0,1.0,1.0,0.666666336424429,1.0,1.0,0.09333299634908199,0.3999347137223263,1.0,0.0,0.0,0.0,2
0.09999991048438245,0.14285692813608164,0.0,0.8235283383236699,1.0,0.49999914595464334,0.3749995907543216,0.0,0.0,1.0,1.0,1.0,1.0,1.0,1.0,1.0,1.0,1.0,1.0,1.0,1.0,1.0,0.666666336424429,0.0,0.0,0.09333299634908199,0.8655739619216458,0.0,0.0,1.0,0.0,2
0.09999991048438245,0.14285692813608164,0.0,1.0,1.0,0.49999914595464334,0.3749995907543216,0.0,0.0,1.0,1.0,1.0,1.0,1.0,1.0,1.0,1.0,1.0,1.0,1.0,1.0,1.0,0.666666336424429,1.0,1.0,0.7866659926981638,0.1312148024692013,1.0,0.0,0.0,0.0,4
0.0,0.14285692813608164,0.0,0.0,0.0,0.49999914595464334,0.5,0.0,1.0,1.0,0.33333291696593076,1.0,1.0,1.0,1.0,1.0,1.0,1.0,1.0,1.0,1.0,0.0,0.666666336424429,1.0,1.0,0.09333299634908199,0.21967240088959183,0.6147553248127051,0.0,0.0,0.0,3
0.09999991048438245,0.0,0.0,0.0,0.0,0.0,0.24999959075432163,0.0,0.0,1.0,0.33333291696593076,1.0,1.0,1.0,1.0,0.0,1.0,1.0,1.0,1.0,1.0,1.0,0.666666336424429,1.0,1.0,0.3597328327585454,0.8524583202849243,1.0,0.0,0.0,0.0,1
0.09999991048438245,0.14285692813608164,0.0,0.0,0.0,0.0,0.24999959075432163,0.0,0.0,1.0,0.33333291696593076,1.0,1.0,1.0,1.0,0.0,1.0,1.0,1.0,1.0,1.0,1.0,0.666666336424429,1.0,0.0,0.11973287871094333,0.01311564163672168,0.0,0.0,0.0,0.0,2
0.09999991048438245,0.0,0.0,0.0,0.0,0.0,0.24999959075432163,0.0,0.0,1.0,0.33333291696593076,1.0,1.0,1.0,1.0,1.0,0.0,1.0,1.0,0.0,1.0,1.0,0.666666336424429,1.0,1.0,0.2533329503966841,0.8655739619216458,0.8545098280293021,0.0,0.0,0.0,2
0.09999991048438245,0.14285692813608164,0.0,0.0,0.0,0.0,0.24999959075432163,0.0,0.0,1.0,0.6666667707585172,1.0,1.0,0.0,1.0,0.0,1.0,1.0,1.0,1.0,1.0,1.0,0.666666336424429,1.0,1.0,0.09333299634908199,0.340983858896715,1.0,0.0,0.0,0.0,2
0.09999991048438245,0.14285692813608164,0.0,0.0,0.0,0.0,0.24999959075432163,0.0,0.0,1.0,0.6666667707585172,1.0,1.0,0.0,1.0,1.0,1.0,1.0,1.0,1.0,1.0,1.0,0.666666336424429,1.0,1.0,0.09333299634908199,0.4000002653913727,1.0,0.0,0.0,0.0,2
0.09999991048438245,0.14285692813608164,0.0,0.0,0.0,0.0,0.24999959075432163,0.0,0.0,1.0,0.33333291696593076,1.0,1.0,1.0,1.0,1.0,1.0,1.0,1.0,0.0,1.0,1.0,0.666666336424429,1.0,0.0,0.09333299634908199,0.3999347137223263,0.0,0.0,0.0,0.0,2
0.09999991048438245,0.14285692813608164,0.0,0.0,0.0,0.0,0.24999959075432163,0.0,0.0,1.0,0.33333291696593076,1.0,1.0,1.0,1.0,1.0,1.0,1.0,1.0,1.0,1.0,1.0,0.666666336424429,1.0,1.0,0.013333088253877813,0.4000002653913727,1.0,0.0,0.0,0.0,2
0.09999991048438245,0.0,0.0,0.0,0.0,0.0,0.24999959075432163,0.0,0.0,1.0,0.33333291696593076,1.0,1.0,1.0,0.0,1.0,1.0,1.0,1.0,1.0,1.0,1.0,0.666666336424429,1.0,1.0,0.14666626841255143,0.8524583202849243,1.0,0.0,0.0,0.0,1
0.09999991048438245,0.14285692813608164,0.0,0.0,0.0,0.49999914595464334,0.3749995907543216,0.7142847238465883,0.0,1.0,1.0,1.0,1.0,1.0,1.0,1.0,1.0,1.0,1.0,1.0,1.0,1.0,0.666666336424429,1.0,0.0,0.3599995864284188,0.4000002653913727,0.0,0.0,0.0,0.0,2
0.09999991048438245,0.42857142857142855,0.6428572815575456,0.0,0.0,0.49999914595464334,0.3749995907543216,0.0,0.0,1.0,0.33333291696593076,1.0,1.0,1.0,1.0,1.0,1.0,1.0,1.0,1.0,1.0,1.0,0.666666336424429,1.0,0.0,0.7866659926981638,0.5901640649465767,0.0,0.0,0.0,0.0,2
0.09999991048438245,0.0,0.0,0.0,0.0,0.0,0.24999959075432163,0.0,0.0,1.0,0.33333291696593076,1.0,1.0,1.0,1.0,1.0,0.0,1.0,1.0,1.0,1.0,1.0,0.666666336424429,1.0,1.0,0.46666636031734726,0.4000002653913727,0.8545098280293021,0.0,0.0,0.0,1
1.0,0.14285692813608164,0.0,0.0,0.0,0.0,1.0,0.0,1.0,1.0,0.33333291696593076,1.0,1.0,1.0,1.0,1.0,1.0,1.0,1.0,1.0,1.0,1.0,0.666666336424429,1.0,0.0,0.14666626841255143,0.3999347137223263,0.0,0.0,0.0,0.0,2
0.09999991048438245,1.0,0.0,0.0,0.0,0.0,0.24999959075432163,0.0,0.0,1.0,0.33333291696593076,0.6666659263671318,1.0,1.0,1.0,1.0,1.0,1.0,1.0,1.0,1.0,1.0,0.666666336424429,1.0,1.0,0.14666626841255143,0.8655739619216458,1.0,0.0,0.0,0.0,1
0.09999991048438245,0.0,0.0,0.0,0.0,0.0,0.24999959075432163,0.0,0.0,1.0,0.33333291696593076,1.0,1.0,0.0,1.0,0.0,0.0,1.0,1.0,1.0,1.0,1.0,0.666666336424429,1.0,1.0,0.36026634009829217,0.4000002653913727,0.15614811000031317,0.0,0.0,0.0,2
0.09999991048438245,0.0,0.0,0.0,0.0,0.0,0.24999959075432163,0.0,0.0,1.0,0.33333291696593076,1.0,1.0,1.0,1.0,1.0,0.0,1.0,1.0,1.0,1.0,1.0,0.666666336424429,1.0,1.0,0.1199996323808167,0.8655739619216458,0.15614811000031317,0.0,0.0,0.0,2
1.0,0.14285692813608164,0.0,0.0,0.0,0.0,1.0,0.0,1.0,1.0,0.33333291696593076,1.0,1.0,1.0,1.0,1.0,1.0,1.0,1.0,1.0,1.0,1.0,0.666666336424429,1.0,0.0,0.1199996323808167,0.01311564163672168,0.0,0.0,0.0,0.0,2
0.09999991048438245,0.0,0.0,0.0,0.0,0.0,0.24999959075432163,0.0,0.0,1.0,0.33333291696593076,1.0,1.0,0.0,1.0,1.0,1.0,1.0,1.0,1.0,1.0,1.0,0.666666336424429,1.0,0.0,0.14666626841255143,0.3999347137223263,0.0,0.0,0.0,0.0,2
1.0,0.14285692813608164,0.0,0.0,0.0,0.0,0.5,0.0,1.0,1.0,0.33333291696593076,1.0,1.0,1.0,1.0,1.0,1.0,1.0,1.0,1.0,1.0,1.0,0.666666336424429,1.0,0.0,0.1463997445046676,0.01311564163672168,0.0,0.0,0.0,0.0,2
0.09999991048438245,0.0,0.0,0.0,0.0,0.0,0.24999959075432163,0.0,0.0,1.0,0.33333291696593076,1.0,1.0,1.0,1.0,0.0,0.0,1.0,1.0,0.0,1.0,1.0,0.666666336424429,1.0,1.0,0.3597328327585454,0.4000002653913727,0.15614811000031317,0.0,0.0,0.0,2
0.09999991048438245,0.14285692813608164,0.0,0.0,0.0,0.0,0.5,0.0,1.0,1.0,0.33333291696593076,1.0,1.0,1.0,1.0,0.0,0.0,1.0,1.0,0.0,1.0,1.0,0.666666336424429,1.0,1.0,0.1199996323808167,0.3999347137223263,0.12541036309135103,0.0,0.0,0.0,2
1.0,0.14285692813608164,0.0,0.5882356860088189,1.0,0.49999914595464334,0.3749995907543216,0.0,0.0,1.0,0.33333291696593076,1.0,1.0,1.0,1.0,1.0,1.0,1.0,1.0,1.0,1.0,1.0,0.666666336424429,1.0,0.0,0.013333088253877813,0.8196718701068466,0.0,0.0,0.0,0.0,2
0.09999991048438245,0.14285692813608164,0.0,0.7058834604597057,1.0,0.49999914595464334,0.3749995907543216,0.0,0.0,1.0,1.0,1.0,1.0,1.0,1.0,0.0,0.0,1.0,1.0,0.0,1.0,1.0,0.666666336424429,1.0,1.0,0.14666626841255143,0.2335099070599413,1.0,0.0,0.0,0.0,2
0.09999991048438245,0.0,0.0,0.0,0.0,1.0,0.5,0.0,0.0,1.0,1.0,1.0,1.0,1.0,1.0,1.0,1.0,1.0,1.0,1.0,1.0,1.0,0.666666336424429,1.0,0.0,0.09359975001895536,0.4000002653913727,0.0,0.0,0.0,0.0,2
0.09999991048438245,0.8571417835375509,0.0,0.0,0.0,0.49999914595464334,0.3749995907543216,0.4428565320863484,0.0,1.0,1.0,1.0,1.0,1.0,1.0,1.0,1.0,1.0,1.0,1.0,1.0,1.0,0.666666336424429,1.0,1.0,0.600000459523979,0.4000002653913727,0.15614811000031317,0.0,0.0,0.0,2
0.09999991048438245,0.0,0.0,0.0,0.0,0.0,0.24999959075432163,0.0,0.0,1.0,0.33333291696593076,1.0,1.0,1.0,1.0,0.0,0.0,1.0,1.0,1.0,1.0,1.0,0.666666336424429,1.0,1.0,0.11973287871094333,0.39934448330953654,0.12541036309135103,0.0,0.0,0.0,2
0.09999991048438245,0.14285692813608164,0.0,0.0,0.0,0.0,0.5,0.0,1.0,1.0,1.0,1.0,1.0,1.0,1.0,1.0,1.0,1.0,1.0,1.0,1.0,1.0,0.666666336424429,1.0,0.0,0.1999995404760209,0.8655739619216458,0.0,0.0,0.0,0.0,2
0.09999991048438245,0.42857142857142855,0.0,0.0,0.0,0.49999914595464334,0.3749995907543216,0.7142847238465883,0.0,0.0,0.33333291696593076,1.0,1.0,1.0,1.0,1.0,1.0,1.0,1.0,1.0,1.0,1.0,0.666666336424429,1.0,1.0,0.3599995864284188,0.4000002653913727,0.15614811000031317,0.0,0.0,0.0,1
0.09999991048438245,0.14285692813608164,0.0,0.0,0.0,0.0,0.24999959075432163,0.0,0.0,1.0,0.33333291696593076,1.0,1.0,1.0,1.0,1.0,1.0,1.0,1.0,1.0,1.0,1.0,0.666666336424429,1.0,0.0,0.7866659926981638,0.3999347137223263,0.0,0.0,0.0,0.0,2
0.09999991048438245,0.14285692813608164,0.0,0.0,0.0,0.0,0.24999959075432163,0.0,0.0,1.0,0.6666667707585172,1.0,1.0,0.0,1.0,1.0,0.0,1.0,1.0,1.0,1.0,1.0,0.666666336424429,1.0,1.0,0.11973287871094333,0.34032807681487887,0.15614811000031317,0.0,0.0,0.0,2
0.09999991048438245,0.42857142857142855,0.9285706795892537,0.0,0.0,0.49999914595464334,0.3749995907543216,0.0,0.0,1.0,0.33333291696593076,1.0,1.0,1.0,1.0,1.0,1.0,1.0,1.0,1.0,1.0,1.0,0.666666336424429,1.0,0.0,0.7333336396826526,0.04268820229191988,0.0,0.0,0.0,0.0,2
0.09999991048438245,0.0,0.0,0.0,0.0,0.0,0.24999959075432163,0.0,0.0,1.0,0.33333291696593076,1.0,1.0,1.0,1.0,0.0,0.0,1.0,1.0,0.0,1.0,1.0,0.666666336424429,1.0,1.0,0.3597328327585454,0.4000002653913727,0.8545098280293021,0.0,0.0,0.0,2
0.09999991048438245,0.14285692813608164,0.0,0.0,0.0,0.0,0.24999959075432163,0.0,0.0,1.0,0.33333291696593076,1.0,1.0,1.0,1.0,0.0,1.0,1.0,1.0,1.0,1.0,1.0,0.666666336424429,1.0,1.0,0.1199996323808167,0.3999347137223263,1.0,0.0,0.0,0.0,2
0.09999991048438245,0.14285692813608164,0.0,0.0,0.0,0.0,0.24999959075432163,0.0,0.0,1.0,0.33333291696593076,1.0,1.0,1.0,1.0,1.0,0.0,1.0,1.0,1.0,1.0,1.0,0.666666336424429,1.0,1.0,0.1199996323808167,0.8655739619216458,0.15614811000031317,0.0,0.0,0.0,2
0.09999991048438245,0.14285692813608164,0.0,0.0,0.0,0.0,0.24999959075432163,0.0,0.0,1.0,1.0,1.0,1.0,1.0,1.0,1.0,1.0,1.0,1.0,1.0,1.0,1.0,0.666666336424429,1.0,0.0,0.7869325166060478,0.0,0.0,0.0,0.0,0.0,2
0.09999991048438245,0.42857142857142855,0.7857139805733996,0.0,0.0,0.49999914595464334,0.3749995907543216,0.0,0.0,1.0,0.33333291696593076,1.0,1.0,1.0,0.0,1.0,1.0,1.0,1.0,1.0,1.0,1.0,0.666666336424429,0.0,0.0,0.7866659926981638,0.4196724008895919,0.0,0.0,1.0,0.0,2
0.09999991048438245,0.14285692813608164,0.0,0.0,0.0,0.0,0.24999959075432163,0.0,0.0,1.0,0.6666667707585172,1.0,1.0,0.0,1.0,1.0,1.0,1.0,1.0,1.0,1.0,1.0,0.666666336424429,1.0,1.0,0.09333299634908199,0.4000002653913727,0.15594319426514316,0.0,0.0,0.0,2
0.09999991048438245,0.14285692813608164,0.0,0.0,0.0,0.0,0.24999959075432163,0.0,0.0,1.0,1.0,1.0,1.0,1.0,1.0,0.0,0.0,1.0,1.0,0.0,1.0,1.0,0.666666336424429,1.0,1.0,0.1199996323808167,0.4000002653913727,0.8545098280293021,0.0,0.0,0.0,2
0.09999991048438245,0.0,0.0,0.0,0.0,0.0,0.24999959075432163,0.0,0.0,1.0,0.33333291696593076,1.0,1.0,1.0,1.0,1.0,1.0,1.0,1.0,1.0,1.0,1.0,0.666666336424429,0.0,1.0,0.7866659926981638,0.4000002653913727,0.15614811000031317,0.0,0.0,0.0,2
0.09999991048438245,0.42857142857142855,0.0,0.0,0.0,0.0,0.0,0.0,0.0,1.0,1.0,1.0,1.0,1.0,1.0,1.0,1.0,1.0,1.0,1.0,1.0,1.0,0.666666336424429,1.0,1.0,0.013333088253877813,0.4000002653913727,0.15594319426514316,0.0,0.0,0.0,2
0.09999991048438245,0.14285692813608164,0.0,1.0,1.0,0.49999914595464334,0.3749995907543216,0.0,0.0,1.0,1.0,1.0,1.0,1.0,1.0,1.0,1.0,1.0,1.0,1.0,1.0,1.0,0.666666336424429,0.0,0.0,1.0,0.6557377614768499,0.0,0.0,1.0,0.0,4
0.09999991048438245,0.0,0.0,0.0,0.0,0.0,0.5,0.0,0.0,1.0,0.33333291696593076,1.0,1.0,1.0,1.0,1.0,1.0,1.0,1.0,1.0,1.0,1.0,0.666666336424429,1.0,1.0,0.14666626841255143,0.3999347137223263,0.15614811000031317,0.0,0.0,0.0,1
0.09999991048438245,0.14285692813608164,0.0,0.7058834604597057,1.0,0.49999914595464334,0.3749995907543216,0.0,0.0,1.0,1.0,1.0,1.0,1.0,1.0,1.0,1.0,1.0,1.0,1.0,1.0,1.0,0.666666336424429,1.0,0.0,1.0,0.03278645017807761,0.0,0.0,0.0,0.0,2
0.09999991048438245,0.8571417835375509,0.0,0.0,0.0,0.49999914595464334,0.3749995907543216,0.4428565320863484,0.0,1.0,1.0,1.0,1.0,1.0,1.0,1.0,1.0,1.0,1.0,1.0,1.0,1.0,0.666666336424429,1.0,1.0,0.600000459523979,0.8359987473527211,0.15614811000031317,0.0,0.0,0.0,2
0.09999991048438245,0.0,0.0,0.0,0.0,0.0,0.5,0.0,0.0,1.0,0.33333291696593076,1.0,1.0,1.0,1.0,1.0,1.0,1.0,1.0,1.0,1.0,1.0,0.666666336424429,1.0,1.0,0.3597328327585454,0.09836200444795941,0.15614811000031317,0.0,0.0,0.0,1
0.09999991048438245,0.42857142857142855,0.0,0.0,0.0,0.0,0.0,0.0,0.0,1.0,1.0,1.0,1.0,1.0,1.0,1.0,1.0,1.0,1.0,0.0,1.0,1.0,0.666666336424429,1.0,1.0,0.013333088253877813,0.8000010615654907,0.8545098280293021,0.0,0.0,0.0,2
0.09999991048438245,0.14285692813608164,0.0,0.7058834604597057,1.0,0.49999914595464334,0.3749995907543216,0.0,0.0,1.0,1.0,1.0,1.0,1.0,0.0,1.0,1.0,1.0,1.0,1.0,1.0,1.0,0.666666336424429,1.0,0.0,0.20026629414589428,0.8655739619216458,0.0,0.0,0.5000000982252466,0.0,2
0.09999991048438245,0.14285692813608164,0.0,0.0,0.0,0.0,0.24999959075432163,0.0,0.0,1.0,0.6666667707585172,1.0,1.0,0.0,1.0,0.0,0.0,1.0,1.0,1.0,1.0,1.0,0.666666336424429,1.0,1.0,0.09333299634908199,0.19678770282535657,1.0,0.0,0.0,0.0,2
0.0,0.14285692813608164,0.0,0.0,0.0,0.49999914595464334,0.5,0.0,1.0,1.0,0.33333291696593076,1.0,1.0,1.0,1.0,0.0,1.0,1.0,1.0,1.0,1.0,0.0,0.666666336424429,1.0,1.0,0.09333299634908199,0.8000010615654907,0.15614811000031317,0.0,0.0,0.0,3
0.09999991048438245,0.42857142857142855,0.0,0.0,0.0,0.0,0.0,0.0,0.0,1.0,1.0,1.0,1.0,1.0,1.0,1.0,1.0,1.0,1.0,1.0,1.0,1.0,0.666666336424429,1.0,1.0,0.11973287871094333,0.4000002653913727,0.12541036309135103,0.0,0.0,0.0,2
0.09999991048438245,0.8571417835375509,0.0,0.0,0.0,0.49999914595464334,0.3749995907543216,0.4428565320863484,0.0,1.0,1.0,1.0,1.0,1.0,1.0,1.0,1.0,1.0,1.0,1.0,1.0,1.0,0.666666336424429,1.0,1.0,0.14666626841255143,0.8360650951958855,0.15614811000031317,0.0,0.0,0.0,2
0.09999991048438245,0.42857142857142855,0.0,0.0,0.0,0.0,0.0,0.0,0.0,1.0,1.0,1.0,1.0,1.0,1.0,1.0,1.0,1.0,1.0,1.0,1.0,1.0,0.666666336424429,1.0,1.0,0.013333088253877813,0.24583733631987092,0.15614811000031317,0.0,0.0,0.0,2
0.0,0.14285692813608164,0.0,0.0,0.0,0.49999914595464334,0.5,0.0,1.0,1.0,0.33333291696593076,1.0,1.0,1.0,1.0,1.0,1.0,0.0,1.0,1.0,1.0,1.0,0.666666336424429,1.0,0.0,0.09333299634908199,0.3999347137223263,0.0,0.0,0.0,0.0,3
0.09999991048438245,0.0,0.0,0.0,0.0,0.0,0.24999959075432163,0.0,0.0,1.0,0.33333291696593076,1.0,1.0,1.0,1.0,1.0,1.0,1.0,1.0,1.0,1.0,1.0,0.666666336424429,1.0,1.0,0.11973287871094333,0.4000002653913727,1.0,1.0,0.0,0.0,2
0.09999991048438245,0.0,0.0,0.0,0.0,0.0,0.24999959075432163,0.0,0.0,1.0,0.33333291696593076,1.0,1.0,1.0,1.0,1.0,1.0,1.0,1.0,1.0,1.0,1.0,0.666666336424429,1.0,0.0,0.039999724285612534,0.4000002653913727,0.0,0.0,0.0,0.0,2
0.09999991048438245,0.5714274978232653,0.0,0.0,0.0,0.49999914595464334,0.3749995907543216,0.8571423619232942,0.0,0.0,0.33333291696593076,1.0,1.0,1.0,1.0,1.0,1.0,1.0,1.0,1.0,1.0,1.0,0.666666336424429,1.0,1.0,0.46666636031734726,0.8655739619216458,1.0,0.0,0.0,0.0,1
0.09999991048438245,0.42857142857142855,0.0,0.5882356860088189,1.0,0.49999914595464334,0.3749995907543216,0.0,0.0,1.0,1.0,1.0,1.0,1.0,1.0,1.0,1.0,1.0,1.0,1.0,1.0,1.0,0.666666336424429,0.0,0.0,0.25359961216176163,0.4000002653913727,0.0,0.0,0.0,0.0,2
0.09999991048438245,0.0,0.08571440777064014,0.0,1.0,0.49999914595464334,0.3749995907543216,0.0,0.0,1.0,0.33333291696593076,1.0,1.0,1.0,1.0,1.0,1.0,1.0,1.0,1.0,1.0,1.0,0.666666336424429,1.0,0.0,0.06666636031734727,0.4000002653913727,0.0,0.0,0.0,0.0,2
0.09999991048438245,0.14285692813608164,0.0,0.0,0.0,0.0,0.24999959075432163,0.0,0.0,1.0,0.33333291696593076,1.0,1.0,0.0,1.0,1.0,0.0,1.0,1.0,1.0,1.0,1.0,0.666666336424429,1.0,1.0,0.11973287871094333,0.4000002653913727,1.0,0.0,0.0,0.0,2
0.09999991048438245,0.14285692813608164,0.0,0.7058834604597057,1.0,0.49999914595464334,0.3749995907543216,0.0,0.0,1.0,1.0,1.0,1.0,1.0,1.0,1.0,1.0,1.0,1.0,1.0,1.0,1.0,0.666666336424429,1.0,0.0,0.14693302208242484,0.8655739619216458,0.0,0.0,1.0,0.0,2
0.0,0.14285692813608164,0.0,0.0,0.0,0.49999914595464334,0.5,0.0,1.0,1.0,0.33333291696593076,1.0,1.0,1.0,1.0,1.0,1.0,1.0,1.0,1.0,1.0,0.0,0.666666336424429,1.0,1.0,0.3599995864284188,0.21967240088959183,0.12541036309135103,0.0,0.0,0.0,3
0.09999991048438245,0.14285692813608164,0.0,0.0,0.0,0.0,0.24999959075432163,0.0,0.0,1.0,0.33333291696593076,1.0,1.0,0.0,1.0,1.0,1.0,1.0,1.0,1.0,1.0,1.0,0.666666336424429,1.0,1.0,0.013333088253877813,0.4000002653913727,0.15614811000031317,0.0,0.0,0.0,2
0.09999991048438245,0.0,0.0,0.0,0.0,0.0,0.24999959075432163,0.0,0.0,1.0,0.33333291696593076,1.0,1.0,1.0,1.0,0.0,0.0,1.0,1.0,1.0,1.0,1.0,0.666666336424429,1.0,1.0,0.039999724285612534,0.8655739619216458,0.0307377469089621,0.0,0.0,0.0,2
0.09999991048438245,0.0,0.0,0.0,0.0,0.0,0.5,0.0,0.0,1.0,0.33333291696593076,1.0,1.0,1.0,1.0,1.0,1.0,1.0,1.0,1.0,1.0,1.0,0.666666336424429,1.0,0.0,0.14666626841255143,0.3999347137223263,0.0,0.0,0.0,0.0,1
1.0,0.0,0.0,0.0,0.0,1.0,0.24999959075432163,0.0,0.0,1.0,1.0,1.0,1.0,1.0,1.0,1.0,1.0,1.0,1.0,1.0,1.0,1.0,0.666666336424429,1.0,0.0,0.11973287871094333,0.3999347137223263,0.0,0.0,0.0,0.0,2
0.09999991048438245,0.14285692813608164,0.0,1.0,1.0,0.49999914595464334,0.3749995907543216,0.0,0.0,1.0,1.0,1.0,1.0,1.0,1.0,1.0,1.0,1.0,1.0,1.0,1.0,1.0,0.666666336424429,1.0,1.0,0.2533329503966841,0.8000010615654907,1.0,0.0,0.0,0.0,4
0.09999991048438245,0.14285692813608164,0.0,0.5294117987833756,0.0,0.0,0.3749995907543216,0.0,0.0,1.0,0.0,1.0,1.0,1.0,1.0,1.0,1.0,1.0,1.0,1.0,1.0,1.0,0.666666336424429,1.0,1.0,0.013333088253877813,0.09836200444795941,1.0,0.0,0.0,0.0,2
0.09999991048438245,0.0,0.0,0.0,0.0,0.0,0.24999959075432163,0.0,0.0,1.0,0.33333291696593076,1.0,1.0,1.0,1.0,0.0,1.0,1.0,1.0,0.0,1.0,1.0,0.666666336424429,1.0,0.0,0.1199996323808167,0.8000010615654907,0.0,0.0,0.0,0.0,2
0.09999991048438245,0.0,0.0,0.0,0.0,0.0,0.24999959075432163,0.0,0.0,1.0,0.33333291696593076,1.0,1.0,1.0,1.0,1.0,1.0,1.0,1.0,1.0,1.0,1.0,0.666666336424429,1.0,0.0,0.3597328327585454,0.3999347137223263,0.0,0.0,0.0,0.0,1
0.09999991048438245,0.0,0.0,0.0,0.0,1.0,0.5,0.0,0.0,1.0,1.0,1.0,1.0,1.0,1.0,1.0,1.0,1.0,1.0,1.0,1.0,1.0,0.666666336424429,1.0,1.0,0.1199996323808167,0.8655739619216458,1.0,0.0,0.0,0.0,2
0.09999991048438245,0.0,0.0,0.0,0.0,0.0,0.24999959075432163,0.0,0.0,1.0,0.33333291696593076,1.0,1.0,1.0,1.0,0.0,0.0,1.0,1.0,0.0,1.0,1.0,0.666666336424429,1.0,1.0,0.1199996323808167,0.09836200444795941,0.12541036309135103,0.0,0.0,0.0,2
0.09999991048438245,0.0,0.0,0.0,0.0,1.0,0.5,0.0,0.0,1.0,1.0,1.0,1.0,1.0,1.0,1.0,1.0,1.0,1.0,1.0,1.0,1.0,0.666666336424429,1.0,0.0,0.09333299634908199,0.8655739619216458,0.0,0.0,0.0,0.0,2
0.09999991048438245,0.7142857142857143,1.0,0.0,0.0,0.49999914595464334,0.3749995907543216,0.0,0.0,1.0,0.33333291696593076,1.0,1.0,1.0,1.0,1.0,1.0,1.0,1.0,1.0,1.0,1.0,0.666666336424429,1.0,1.0,0.600000459523979,0.4000002653913727,1.0,0.0,0.0,0.0,2
0.09999991048438245,0.0,0.0,0.0,0.0,0.0,0.24999959075432163,0.0,0.0,1.0,0.33333291696593076,1.0,1.0,0.0,1.0,1.0,1.0,1.0,1.0,1.0,1.0,1.0,0.666666336424429,1.0,1.0,0.1199996323808167,0.3999347137223263,0.15614811000031317,0.0,0.0,0.0,2
0.09999991048438245,0.0,0.0,0.0,0.0,0.0,0.24999959075432163,0.0,0.0,1.0,0.33333291696593076,1.0,1.0,1.0,1.0,1.0,0.0,1.0,1.0,0.0,1.0,1.0,0.666666336424429,1.0,1.0,0.2533329503966841,0.4000002653913727,0.8545098280293021,0.0,0.0,0.0,2
0.0,0.14285692813608164,0.0,0.0,0.0,0.49999914595464334,0.5,0.0,1.0,1.0,0.33333291696593076,1.0,1.0,1.0,1.0,1.0,1.0,1.0,1.0,1.0,1.0,0.0,0.666666336424429,1.0,0.0,0.14666626841255143,0.03278645017807761,0.0,0.0,0.0,0.0,3
0.09999991048438245,0.0,0.0,0.0,0.0,0.0,0.24999959075432163,0.0,0.0,1.0,0.33333291696593076,1.0,1.0,1.0,0.0,1.0,1.0,1.0,1.0,1.0,1.0,1.0,0.666666336424429,1.0,1.0,0.7866659926981638,0.8524583202849243,1.0,0.0,0.0,0.0,2
0.09999991048438245,0.0,0.0,0.0,0.0,0.0,0.24999959075432163,0.0,0.0,1.0,0.33333291696593076,1.0,1.0,1.0,1.0,1.0,1.0,1.0,1.0,1.0,1.0,1.0,0.666666336424429,1.0,0.0,0.17333290444428615,0.6334424976512864,0.0,0.0,0.0,0.0,2
0.09999991048438245,0.14285692813608164,0.0,0.5882356860088189,1.0,0.49999914595464334,0.3749995907543216,0.0,0.0,1.0,1.0,1.0,1.0,1.0,1.0,1.0,1.0,1.0,1.0,1.0,1.0,1.0,0.666666336424429,0.0,0.0,0.20026629414589428,0.03278645017807761,0.0,0.0,0.0,0.0,2
0.09999991048438245,0.14285692813608164,0.0,0.0,0.0,0.0,0.24999959075432163,0.0,0.0,1.0,0.33333291696593076,1.0,1.0,1.0,1.0,0.0,1.0,1.0,1.0,1.0,1.0,1.0,0.666666336424429,1.0,0.0,0.039999724285612534,0.3999347137223263,0.0,0.0,0.0,0.0,2
