@relation image-segmentation
@attribute f1 real [-1.66857, 1.71856]
@attribute f2 real [-1.92222, 2.18857]
@attribute f3 real [-0.286499, 3.4738]
@attribute f4 real [-0.211099, 7.17738]
@attribute f5 real [-0.609564, 7.46463]
@attribute f6 real [-0.131496, 13.0421]
@attribute f7 real [-0.542744, 8.77775]
@attribute f8 real [-0.119503, 14.1153]
@attribute f9 real [-0.95899, 2.74977]
@attribute f10 real [-0.927608, 2.92402]
@attribute f11 real [-1.00472, 2.43988]
@attribute f12 real [-0.925444, 2.92148]
@attribute f13 real [-3.10152, 1.56992]
@attribute f14 real [-1.62175, 3.09231]
@attribute f15 real [-2.01432, 2.75173]
@attribute f16 real [-1.03824, 2.45172]
@attribute f17 real [-1.86172, 2.53711]
@attribute f18 real [-0.763466, 2.69675]
@attribute clase integer [0, 6]
@inputs f1, f2, f3, f4, f5, f6, f7, f8, f9, f10, f11, f12, f13, f14, f15, f16, f17, f18
@outputs clase
@data
0.5537853581055349,0.4769878782423817,0.0,0.0,0.010893223521753375,1.0991683667845931E-4,0.014906827899894575,2.2444989228161455E-4,0.04311926358135874,0.05357137293632718,0.05081054403994658,0.024941485716900056,0.9567906255886837,0.15954803290581793,0.4322034598881674,0.05154729567101056,0.5456353166637492,0.26114959297338664,0
0.7450204155140193,0.5104607630163546,0.0,0.0,0.013071892996378337,4.6540063927875107E-4,0.011180094102308313,5.613003565978357E-5,0.04647564145428662,0.060876335928599555,0.051547059165069964,0.027279717509365926,0.9855954480845307,0.14698518898783638,0.42372888660421104,0.05596539788421646,0.53858071350791,0.29765916347418775,0
0.4143431164437149,0.5355651833345902,0.0,0.0,0.010893223521753375,1.8749626146118343E-4,0.018633454407030358,3.766824170309903E-4,0.04260264886377118,0.05519458265439966,0.047865064158392846,0.024941485716900056,0.9732502183480897,0.14698518898783638,0.43644076331553383,0.05007449942119683,0.5326284489284651,0.29003709595007937,0
0.13147413887273302,0.5271972054033409,0.0,0.0,0.019607777568881796,2.908848882264191E-4,0.024844713166490964,3.419787404153045E-4,0.040795306247910355,0.05681805200294525,0.04271061952040877,0.023382837820554822,1.0,0.12939801360186337,0.4385594150292171,0.05154729567101056,0.5736334434383688,0.3311192133670268,0
0.1513936577574525,0.4184105731501731,0.0,0.0,0.02832245546738163,6.528969007399345E-4,0.019875770533192772,3.0994457738544044E-4,0.04208630377808217,0.051136298728745345,0.05081054403994658,0.02416216176872745,0.9465025773637251,0.16457321289928428,0.43432211160185064,0.052283693795917456,0.5629192307954616,0.25115050621117296,0
0.059761509006149766,0.4895401857063971,0.0,0.0,0.019607777568881796,1.357260386609709E-4,0.014906827899894575,2.2444989228161455E-4,0.038729656273255746,0.05032443423923598,0.04418335946118564,0.021823929976261553,0.9670786738136421,0.14698518898783638,0.4427966974748482,0.047128906921569305,0.5615084010975646,0.2863555338741859,0
0.05179311098186376,0.4142264625534265,0.0,0.0,0.06753808491596808,0.009340108805522804,0.05962729014148821,7.37347752547049E-4,0.12496791380407468,0.13798684608170883,0.142121581605992,0.09431015533449583,0.9465025773637251,0.22864367445471634,0.32627123089350724,0.14212139967220255,0.36884876205718337,0.21977042473649044,0
0.039841990121430276,0.4058582413599333,0.0,0.0,0.05228757198551335,0.0013962019178362542,0.031055864635501078,6.866269944164317E-4,0.12316057118821386,0.13879845094074506,0.13991232654009175,0.09041327564568472,0.9670786738136421,0.2261309783922988,0.30932197522057053,0.13991249183371732,0.38875701038685284,0.2277324883764482,0
0.3346617933176465,0.376569467182707,0.0,0.0,0.05228757198551335,0.002249423771611032,0.028571339673626742,8.789724733106595E-4,0.1484639070740625,0.15503210590430855,0.1774676304941067,0.11145762172582564,0.8888886510369394,0.2952264078098285,0.2733051478687803,0.17746765005902648,0.4047927062423417,0.1802026231888414,0
0.06772990703043583,0.5606698469150699,0.0,0.0,0.015250562471003292,3.2337411895735204E-5,0.013664511773732168,2.6983162324058837E-4,0.02736898586050323,0.04058439703938179,0.026510189862393337,0.015588558547036547,0.9835382665730483,0.1118102018217842,0.4851696897850422,0.03681961970910842,0.6005294589697715,0.36324206350123805,0
0.7768931219055661,0.4937243206293681,0.0,0.0,0.03267967056526013,7.562855275051702E-4,0.014906827899894575,1.2827715283449966E-4,0.044151953752736776,0.05762965686198147,0.04860157928351623,0.02650039356119332,0.979423903550083,0.14321646309126318,0.43644076331553383,0.0544926016344027,0.5401238511149555,0.2961829550525169,0
0.474104182597066,0.5230130948065944,0.0,0.0,0.023965116518131713,7.304004161050639E-4,0.022360188204616622,3.206226317287284E-4,0.04363560866704776,0.05681805200294525,0.047865064158392846,0.02650039356119332,0.9773667220386006,0.14196022112573875,0.4406780457611649,0.05302009192082432,0.5295419463811968,0.2976981783796156,0
0.08764942591515532,0.30962394089700523,0.0,0.0,0.05664478708339185,0.0018357174457148979,0.03975154106638554,6.94635535173897E-4,0.12522622116286847,0.13798684608170883,0.14506706148754572,0.09197192354202996,0.9444432551846969,0.24246276033822226,0.30508471375667484,0.14506699217183006,0.3997519795036408,0.21202907564152063,0
0.5458172553164479,0.43933088287166217,0.0,0.0,0.023965116518131713,2.649997768263118E-4,0.009937885266596383,1.4963326152107572E-4,0.04518464392411481,0.05519458265439966,0.0544925390466237,0.02572106961302069,0.9526741218981728,0.1683421509272262,0.42161022439966006,0.05522899975930956,0.5591714160356276,0.2483154519833444,0
0.9083678512486973,0.47280379197185946,0.0,0.0,0.0348583400398851,1.29273738165343E-4,0.019875770533192772,2.458060009681906E-4,0.04105361360670413,0.0519479035877816,0.04712883934273937,0.02416216176872745,0.9609049886116487,0.15075412701577834,0.4427966974748482,0.05007449942119683,0.5458558298456634,0.27674601816765193,0
0.47808823399160943,0.20502141924058395,0.0,0.0,0.0893245815000234,0.004065708406421451,0.06459623277478639,0.002073172350892387,0.18641891090283547,0.1801944528391631,0.23343232886256748,0.1426344788719507,0.7777770880071242,0.3969851889878364,0.2161015935628036,0.23343218833453683,0.4223007049601826,0.13989155590286848,0
0.1274914160365856,0.5774062893020564,0.0,0.0,0.021786447043506758,4.3959143729623945E-4,0.016149036735606505,1.0952030737622466E-4,0.037955273460671485,0.030032235719545095,0.057438018928177466,0.024941485716900056,0.8189294949737127,0.2185933144677836,0.47457643121662596,0.05743819413403019,0.5783392402070551,0.1010488940574808,0
0.3147416839625288,0.3514648036022273,0.0,0.0,0.047930233036263425,0.0017581380209321738,0.021117979368904697,3.981087760750881E-4,0.1492385595185453,0.15584397039381787,0.1767311153689833,0.11379585351829151,0.8888886510369394,0.2876887438853133,0.2860169322604673,0.1767312519341196,0.39043654790023713,0.17858509410973186,0
0.3784865062752242,0.3054398303002586,0.0,0.0,0.05882345655801681,0.0022299909607065528,0.03602480726879927,0.0016483895140663345,0.16627956513767406,0.17207762535738136,0.19882250479010627,0.12626659637674154,0.8765425650334802,0.31783961171474273,0.24788136926805218,0.1988223360726198,0.39879149682983883,0.17273979427873865,0
0.5737057626958517,0.3807535777794536,0.0,0.0,0.0348583400398851,0.001060075016722845,0.05838504697283212,0.0010713179522048883,0.16085753729009156,0.16152572366801776,0.19734976484932937,0.12159013279180979,0.8395055914236296,0.33668377152603063,0.2542371565552187,0.19734982635904139,0.4177630870026803,0.15669542017030152,0
0.06772990703043583,0.5313810727378436,0.0,0.0,0.0348583400398851,9.824955919401199E-4,0.018633454407030358,2.1644135152414827E-4,0.04002065380342756,0.05357137293632718,0.04344684433606225,0.023382837820554822,0.9814810850615657,0.1369350411322724,0.4449153911520022,0.04860170317138307,0.5438716658747894,0.3092809813029013,0
0.5458172553164479,0.5104607630163546,0.0,0.0,0.026143785992756675,7.756424289920539E-4,0.026086922002202886,1.5230277510689844E-4,0.04492660619721957,0.05681805200294525,0.05228328398072345,0.02572106961302069,0.9670786738136421,0.1582917909402935,0.42372888660421104,0.0544926016344027,0.5582016127015592,0.26933347513565625,0
0.3745026024982803,0.19246908745034413,0.0,0.0,0.07189534955439515,0.005953120165518967,0.04720490137110758,0.0012396378088267183,0.1833205707568028,0.1801944528391631,0.2282775939151135,0.13873733923519155,0.8024686178137791,0.385678799166748,0.2097460160929911,0.22827740146018866,0.4256914452252076,0.14676627123855854,0
0.5537853581055349,0.058577548354452585,0.0,0.0,0.03921555513776359,0.002559665561324334,0.024844713166490964,8.549468510382588E-5,0.8923332865971376,0.8603889056783262,0.9432996574348255,0.8690564201424307,0.3251010395081602,0.5954782077444921,0.34745753821298564,0.9433002097445242,0.17250496154659306,0.03269131175626029,1
0.2589646692037212,0.12552331790239835,0.0,0.0,0.023965116518131713,5.719774615830028E-4,0.008695676430884458,2.3639245306029125E-4,0.764781220677531,0.6948043788237079,0.8541978749346804,0.7373355959202729,0.08230438579966776,0.7600497235928266,0.31991523378898673,0.8541960366307924,0.26204627139489367,0.02338929130435788,1
0.6533870858219201,0.3682012459892138,0.0,0.0,0.03485846389125651,8.274126517922674E-4,0.01739124557131843,3.419787404153045E-4,0.6511745165500059,0.5771086927397973,0.782032746908204,0.5837895419821135,0.09259243402462623,0.9434669902377145,0.0,0.7820318857522722,0.33041808844624593,0.05989654981076325,1
0.6175304756534293,0.08786632253167882,0.0,0.0,0.030500877239263754,2.844325877307912E-4,0.058385012639887976,7.507655708336816E-4,0.9501693288322782,0.9480505386293797,0.9698107182256284,0.9314101344346809,0.5308635024746117,0.4497490485908113,0.38135604955885904,0.9698076768788182,0.11305506236885719,0.046367914604175,1
0.07968102789086931,0.3305444938807383,0.0,0.0,0.026143785992756675,7.75794247827241E-5,0.01739124557131843,4.0611731683255433E-4,0.791118864526149,0.7735373198034701,0.8519886198687799,0.7435691477138617,0.471192608703098,0.6206030470549803,0.1546605679755773,0.8519868422560717,0.17969778327418878,0.0802715784216939,1
0.027887916909005623,0.11715509670890512,1.0,0.0,0.054466241460138315,0.0019714434843758686,0.04099374990209747,5.04959569865491E-4,0.7903450209773617,0.7491865777276518,0.8748156534866167,0.7404523718170674,0.29217971332180226,0.7412060941099604,0.13559236684466175,0.8748151841281848,0.22295428557139055,0.06167534049897463,1
0.48207231490967284,0.0,0.0,0.0,0.039215678989135014,5.429800640614762E-4,0.06459626496192154,0.0036440686955766096,1.0,1.0,1.0,1.0,0.52880589282962,0.36180941693571994,0.5317797757052486,1.0,0.09277466962806022,0.0017238808213128887,1
0.1713161289941632,0.28451927731652554,0.0,0.0,0.01742910809425684,6.008230402693392E-4,0.01739124557131843,2.9118773192716443E-4,0.7510974018270258,0.6858756868524167,0.8387359925680775,0.7209666736332717,0.12345657869950165,0.7474873039375824,0.29872871665215434,0.8387345413701017,0.2580797621185633,0.02835227627408231,1
0.023905194072858203,0.029288774177226293,0.0,0.0,0.05010890251088839,0.001273380480166539,0.021117979368904697,2.6983162324058837E-4,0.9664362212707213,0.9740239711623242,0.9779103524356962,0.9469992128776135,0.5987648348260922,0.4120607289682355,0.37500005245433854,0.9779080562527938,0.09635289383767956,0.058626108890312056,1
0.7450204155140193,0.12970742849914496,0.0,0.0,0.030501124942006592,9.500063612091944E-4,0.0372670161045112,9.124116434909566E-4,0.7593616195170354,0.698862403118889,0.8365267375021772,0.7357759082321357,0.15637790488585956,0.6959796863001321,0.35169500949423527,0.836525346995381,0.24193455987160223,0.022343402839591506,1
0.5657376599067647,0.05439343775770595,0.0,0.0,0.05010890251088839,0.0015836222698798418,0.019875770533192772,8.228424376508759E-4,0.8897502130091999,0.8595762622973975,0.938881147303025,0.866719488089705,0.3395055914236295,0.5854274234948219,0.34957627385361045,0.9388818209950831,0.1693973170138423,0.033673620375144216,1
0.7171322033698145,0.0669457695479458,0.0,0.0,0.028322331616010214,8.07979840887788E-4,0.011180094102308313,1.843369381367625E-4,0.9625616108888146,0.9683432564100167,0.9712825872379955,0.9477790567216821,0.5864189628893874,0.3969851889878364,0.41313565741022445,0.9712804731286319,0.09626423389855941,0.04937437431651664,1
0.4223112192328019,0.0418411059674661,0.0,0.0,0.026143538290013837,9.012725151128066E-4,0.026086922002202886,2.9448949873068153E-4,0.8838129186035225,0.8457794989547278,0.9403559194100912,0.8604833368166359,0.28189166509684377,0.6218588647577672,0.34745753821298564,0.9403546172448968,0.18402166030512657,0.0297594138631808,1
0.8964137780362726,0.301255719703512,0.0,0.0,0.0348583400398851,9.049161671573959E-4,0.02360239704032855,3.660043626877023E-4,0.6318095535974289,0.5446419020736166,0.7746704987516692,0.5643038437983179,0.0,1.0,0.0,0.7746679045032034,0.36206241205047707,0.05409633387048668,1
0.36653449970919333,0.07531399074143902,0.0,0.0,0.04793035688763485,0.0021459592354282006,0.031055864635501078,0.0011354565286221382,0.8956902037338625,0.8693175976496174,0.9462462985542587,0.8674993319337736,0.3662553730755399,0.5942223900417051,0.30720344939729965,0.9462429368817982,0.1664851790135104,0.043216377243501546,1
0.2350603608364604,0.17154853446661106,0.0,0.0,0.02832245546738163,0.0010407181152359613,0.01739124557131843,5.343242193095333E-4,0.7782088892244309,0.7378225519183057,0.8564071300005806,0.7342162205439983,0.3024677615467607,0.7060304705498021,0.18432244730961703,0.856405231005513,0.218379887379144,0.0558326416616766,1
0.7091641005807277,0.376569467182707,0.0,0.0,0.01742935579699968,6.722538022268181E-4,0.013664511773732168,2.3779746021072433E-4,0.940616270667285,0.9236997965535613,0.9757010973697962,0.9197202752120915,0.4218099772232973,0.526382354064225,0.36440679388592234,0.9756988618780731,0.14110797643918951,0.0374759841582144,1
0.4422316238231187,0.0794981013381856,0.0,0.0,0.021786570894878173,4.750411353133961E-4,0.027329130837914817,5.19431143514947E-4,0.7895684811095893,0.7361998614611797,0.8622975091447482,0.7638346897417262,0.19958727929717596,0.6809056312393139,0.33262701818067375,0.862296416004768,0.2253844772359923,0.02699137857289832,1
0.6892436959904109,0.16318031327311786,0.0,0.0,0.039215678989135014,0.0013265929819010697,0.021117979368904697,6.871187469190827E-4,0.7490320214842698,0.6915564016047241,0.833580096382744,0.7147305223602026,0.18312768653776995,0.7311553098602903,0.2648304151236349,0.8335797544957535,0.24733736016167934,0.035889378004147716,1
0.3147416839625288,0.12133920730565176,0.0,0.0,0.023965116518131713,0.001002004312262195,0.016149036735606505,5.570150847890197E-4,0.7717539015735718,0.7029204274140701,0.8549352609882134,0.7498052989869309,0.08847593033411531,0.7298994921575033,0.36440679388592234,0.8549324347556992,0.25405187288438064,0.01783905975811914,1
0.3625503006970503,0.1882849768535975,0.0,0.0,0.01742910809425684,5.169431338261891E-5,0.018633454407030358,4.0878683041837703E-4,0.8783906211240415,0.8465895460309253,0.9322533821053243,0.851910253490841,0.3312747247101536,0.6067848096969491,0.32203396942961154,0.9322542378709212,0.17606045243848936,0.03783781128114546,1
0.49402450452152713,0.14644387088613142,1.0,0.0,0.023964992666760297,0.0010674382302296203,0.0484471960391799,5.638996198261397E-4,0.8683198697138667,0.823861494412233,0.9344626371712244,0.8409976386328403,0.23868229068552738,0.6670852725675958,0.31567797232509104,0.9344634322456418,0.20012435124794548,0.03211013416503478,1
0.39840691086554103,0.46025148450784403,1.0,0.0,0.026143785992756675,0.0014717317883438967,0.033540282306924935,6.406832605972843E-4,0.0237543006287816,0.008116827481781741,0.039765139638855036,0.021823929976261553,0.765431430137174,0.1972365646597625,0.5656780772337681,0.039765212208735946,0.8435197541164355,0.002184256705361733,2
0.07968102789086931,0.46443559510459065,0.0,0.0,0.017429231945628256,7.045153047049566E-4,0.009937885266596383,2.9118773192716443E-4,0.0038729925905154404,0.0,0.008100795447947522,0.003117815688586533,0.8621392975185382,0.13190986113880604,0.5762713358021843,0.008100379373975638,0.5555561365181195,0.016009983191800727,2
0.17529885183031063,0.32636038328399164,0.0,0.0,0.030501001090635176,5.946743774440941E-4,0.01739124557131843,3.419787404153045E-4,0.01600831544775075,8.116048590362211E-4,0.04271061952040877,0.002338231792465899,0.7716042590721491,0.25000042426273744,0.47033916975273027,0.042710804708363435,0.9861122162029449,0.07543633114233331,2
0.06772990703043583,0.31799216209049846,0.0,0.0,0.06100212603264177,0.003425192331691362,0.042235958737809394,0.0012601509132230348,0.020397653123955178,0.008928432340817962,0.037555884572954785,0.013250326754570677,0.7983533985237957,0.20226174465322885,0.5233052527774573,0.03755601783401532,0.8627703275643751,0.05586789957621143,2
0.2111560524691996,0.3347286044774849,0.0,0.0,0.05664478708339185,0.0026889317085479173,0.018633454407030358,1.843369381367625E-4,0.022721610457403563,0.004058283925654282,0.05301979910584683,0.008573603221690906,0.7427977240422654,0.2701009321052341,0.4661016984714806,0.05302009192082432,0.944810324563577,0.0637945723619566,2
0.5537853581055349,0.47280379197185946,0.0,0.0,0.039215678989135014,7.756424289920539E-4,0.024844713166490964,7.587741115911478E-4,0.01755762033671631,0.001623209718072471,0.04050136445450852,0.008573603221690906,0.765431430137174,0.23115615838576517,0.5084747327451453,0.04050161033364281,0.9737657513475174,0.04883134463282061,2
0.2709169710049511,0.5355651833345902,0.0,0.0,0.11111102854353017,0.003094728273130587,0.04720490137110758,0.0012038101264906862,0.1260006039754527,0.11688278307250857,0.14948528130987634,0.10989871388153237,0.7777770880071242,0.26130681408382583,0.4449153911520022,0.15832187188391847,0.38661234919285353,0.15347221098336059,2
0.2908370803600689,0.4937243206293681,0.0,0.0,0.008714554047128413,5.17702228002125E-5,0.002484417671423849,2.1356108686576042E-5,0.0036149548636202015,0.0,0.01030976020437787,0.0,0.8641969071635299,0.14447270505678758,0.552966292842081,0.010309573748696295,1.0,0.08090535388542218,2
0.15936205578173857,0.26778283492953914,0.0,0.499999932327073,0.6034861188621427,0.03339672781828135,0.5950311217409721,0.022875975171556644,0.3834241094058392,0.34659032492234454,0.4337269929745108,0.36554972232360194,0.4732502183480896,0.4635681344743172,0.4173729398558555,0.43372646104826423,0.2978023701757058,0.03228324474541474,2
0.13944253689701902,0.5606698469150699,0.0,0.0,0.010893223521753375,3.425792016090359E-4,0.028571339673626742,0.0014880922482734746,0.005938642565170019,0.00243507420758184,0.009573535388724389,0.005456047481052403,0.8641969071635299,0.12939801360186337,0.5783900714428091,0.009573175623789431,0.25185242439466854,0.0,2
0.3705184034861373,0.5564857363183233,0.0,0.0,0.017429231945628256,2.0685316294806713E-4,0.011180094102308313,1.202686120770334E-4,0.008004292539824629,0.0,0.02282819485571622,0.0,0.8292175431986711,0.18718620467282981,0.5169492556729367,0.022828628408348532,1.0,0.08090535388542218,2
0.06772990703043583,0.3305444938807383,0.0,0.0,0.041394348463759965,6.528969007399345E-4,0.014906827899894575,1.6031131586436372E-4,0.01962300067947238,0.004058283925654282,0.045656099401962504,0.00701469537739764,0.7674890397821658,0.24748772820031992,0.4788136926805216,0.045656110671755575,0.926146270712894,0.06794575829948186,2
0.2669327719928081,0.38493768837620024,0.0,0.0,0.026143785992756675,0.0010083807033402273,0.024844713166490964,6.94635535173897E-4,0.014975625276372714,8.116048590362211E-4,0.037555884572954785,0.004676463584931769,0.7798346976521159,0.22864367445471634,0.4978814741767292,0.03755601783401532,0.9876535351445725,0.06402750579732595,2
0.17529885183031063,0.4058582413599333,0.0,0.499999932327073,1.0,0.02233065292119175,0.6099380569313171,0.011491511333174052,0.347276448192927,0.3051943230239265,0.40500812866515706,0.3265785859039586,0.44650043669617934,0.4924627603382223,0.39618656959117093,0.40500779378560214,0.3589756821700316,0.031590513424595464,2
0.2629488682158642,0.5230130948065944,0.0,0.0,0.26361690095630597,0.0064718623525421605,0.05962729014148821,0.0023062700621849135,0.10818494591184116,0.0657464843437632,0.16789467572432212,0.08573655211280495,0.5308635024746117,0.44221138466629617,0.3940678339505461,0.1678947609714725,0.6608143529074777,0.04140926462394255,2
0.8964137780362726,0.4142264625534265,0.0,0.0,0.013071892996378337,1.551588495654482E-4,0.011180094102308313,1.5230277510689844E-4,0.011618977771546291,8.116048590362211E-4,0.029455669743947067,0.003117815688586533,0.8065838371037625,0.20351798661875328,0.5127119942090411,0.02945592499627503,0.9777781819256485,0.06949132655302442,2
0.9163362492729833,0.47280379197185946,0.0,0.0,0.1350761450616619,0.026113522837651924,0.04099374990209747,0.004640577042056711,0.020913998209644194,0.010551901689363551,0.03902862451373165,0.011691418910277411,0.8065838371037625,0.2072867125153265,0.5063559971045206,0.03902881408382905,0.8953699051793317,0.07635708291043103,2
0.406375013654628,0.4769878782423817,0.0,0.0,0.03703700951451005,0.0014446321262622601,0.018633454407030358,4.986370376885436E-4,0.012393630216029086,0.003246679066618061,0.025773965046739854,0.00701469537739764,0.8189294949737127,0.18090499484520775,0.5381357728097691,0.025773934371740675,0.9238092856509571,0.05437261720077591,2
0.0,0.2928874985100188,0.0,0.0,0.4771242801448665,0.46676518696945013,0.20621160208890219,0.14813432964263715,0.14872221443285624,0.10227259745749069,0.2025044997967834,0.13639910744272568,0.48559587621803985,0.42211087682379944,0.47457643121662596,0.20250432669715412,0.5952826092392749,0.017150374427492374,2
0.9123505740848448,0.47280379197185946,0.0,0.0,0.010893223521753375,1.8749626146118343E-4,0.006211151469010121,1.0952030737622466E-4,0.004647645034998236,0.0,0.013255530395401506,0.0,0.8559664685835632,0.1545230650437203,0.5444917699142896,0.013255739320794515,1.0,0.08090535388542218,2
0.22709225804737346,0.41004235195667993,0.0,0.0,0.0348583400398851,4.3959143729623945E-4,0.06335399175193933,0.0012102731593826759,0.029950980920846856,0.010551901689363551,0.055965278987400564,0.02104434608014092,0.7345672854622985,0.25000042426273744,0.5084747327451453,0.05596539788421646,0.8644821463889262,0.045805810966714225,2
0.5019926309294299,0.5523016257215766,0.0,0.0,0.05882345655801681,2.1330546344369502E-4,0.019875770533192772,4.3815147986241837E-4,0.02917632847636406,0.006493358133236122,0.06259275387563144,0.015588558547036547,0.7098759697223983,0.2876887438853133,0.47033916975273027,0.06259298100837833,0.9153752247756789,0.05069394511787704,2
0.08764942591515532,0.4937243206293681,0.0,0.0,0.019607777568881796,1.357260386609709E-4,0.00869556914043397,1.0952030737622466E-4,0.0036149548636202015,0.0,0.01030976020437787,0.0,0.8641969071635299,0.14447270505678758,0.552966292842081,0.010309573748696295,0.7777772725929395,0.08090535388542218,2
0.7569727173152492,0.4518832876405752,0.0,0.0,0.043572894087013515,0.002258077445216932,0.021117979368904697,5.570150847890197E-4,0.2778211046279619,0.26461000387368666,0.31958842826452993,0.24629787331384764,0.6913572688507185,0.3932164630912631,0.3114407108611954,0.31958816146889935,0.27171793408701855,0.09728727917563527,3
0.8685258611272672,0.2887033879132722,0.0,0.0,0.05010890251088839,5.753174759572104E-4,0.014906827899894575,6.73279426487321E-4,0.2767883335670143,0.26542171258491215,0.31958842826452993,0.24240078046771915,0.7057607504324149,0.39824164308472954,0.28813545808373814,0.31958816146889935,0.2829645610310014,0.10532174870008115,3
0.537849152527361,0.14225976028938478,0.0,0.0,0.047930233036263425,0.0026953308724512277,0.04596269253539565,0.0011009636030790164,0.36999778901843206,0.35146047333750824,0.4226812982639493,0.332034373437063,0.6172833216310174,0.4723620403643568,0.2542371565552187,0.4226807757108964,0.25936783190075546,0.08989178710230805,3
0.2589646692037212,0.623431262604025,0.0,0.0,0.11764703696740504,0.007058422013245283,0.06211176145813731,3.0994457738544044E-4,0.159308232401126,0.13311669766654516,0.2091316843755443,0.13172264385779392,0.6358018084359427,0.40452285291235157,0.34957627385361045,0.20913162328508067,0.42601439473678226,0.07268968180021132,3
0.7529888135383053,0.3933059095696934,0.0,0.0,0.07407404379929439,0.004007539019717927,0.04844714239395465,0.0012102731593826759,0.31887450252914723,0.30113603909827225,0.37334407478371945,0.27825426236650375,0.6419746373709178,0.46859331446778363,0.23516937505901114,0.37334353402331266,0.2959923434185909,0.09912531472023711,3
0.14342821208515766,0.2803351667197789,0.0,0.0,0.039215678989135014,3.103176991308985E-4,0.05714282955388417,0.002073172350892387,0.3054481821417401,0.3003241746087628,0.3438889856587122,0.2696806591448129,0.7427977240422654,0.38316610310433047,0.2754236736920511,0.34388846863574374,0.25891703021030593,0.11951305930034425,3
0.784861224694653,0.48535609943587493,0.0,0.0,0.09586046607252686,0.007653081208805857,0.19130466689855707,0.04294853957585504,0.28401786580959676,0.2775969018814901,0.31958842826452993,0.25253327073786747,0.7407401143972737,0.36306568011438123,0.3114407108611954,0.31958816146889935,0.2490000750199485,0.11538470430747676,3
0.9641436850667084,0.4560673982373218,0.0,0.0,0.17429182405079688,0.007608689381395938,0.03478259843308735,0.001322814232132331,0.33359182044672614,0.327109990892163,0.37334407478371945,0.29773996055029944,0.7222216275923484,0.3969851889878364,0.2733051478687803,0.37334353402331266,0.24532182421234736,0.11494253537929423,3
0.9123505740848448,0.44351509077330636,0.0,0.0,0.12854026048915843,0.0016212733410072696,0.03229807347121301,6.208726597761837E-4,0.2721407424583958,0.24512951406522127,0.32989781106659694,0.23694481617001012,0.5884765725343791,0.47361849446125,0.2817796707965716,0.3298974773349838,0.33502635928189994,0.07871098220457913,3
0.5976100710631125,0.32636038328399164,0.0,0.0,0.3289757466813406,0.007988388288209233,0.016149036735606505,2.8107168044405004E-4,0.22101753685868053,0.19967504649981777,0.271723886663183,0.18784124666876706,0.6502050973575599,0.424623572886217,0.3008474522927792,0.2717237160311293,0.3512729521259062,0.08977387538812606,3
0.6972117987794977,0.3723853565859604,0.0,0.0,0.07625266125634335,0.0013509599049492643,0.03229807347121301,4.7018564289228343E-4,0.38600610446618283,0.3676943879315448,0.44329994774429543,0.34294646839916776,0.613168102341034,0.5000004242627375,0.21186517136832392,0.44329935013581817,0.26862120154677493,0.09725202126110045,3
0.16334773096987723,0.19246908745034413,0.0,0.0,0.054466241460138315,0.001702724146087371,0.022360188204616622,2.634388407061203E-4,0.45804338916511184,0.4342527367648174,0.5265104801718632,0.40841799838000437,0.5452667699895535,0.5753766392451518,0.1546605679755773,0.5265097594241768,0.2667766201467208,0.09270924127279914,3
0.8605574631029811,0.5732221787053098,0.0,0.0,0.08060997791234642,0.004453537211859237,0.02360239704032855,3.660043626877023E-4,0.20268553370937997,0.15665557525285412,0.2754057945770191,0.16991445632926463,0.46913499905810624,0.5326635638918469,0.30508471375667484,0.2754056206947931,0.483771366476995,0.0542968993843159,3
0.05179311098186376,0.5648539575118164,1.0,0.0,0.0348583400398851,8.274126517922674E-4,0.024844713166490964,5.343242193095333E-4,0.07384462731478986,0.05844152135149083,0.10382976252685364,0.056897926759145755,0.7489705529772404,0.2814073219263225,0.4406780457611649,0.10382984332198653,0.48786472766622035,0.07821505940669599,3
0.0836667030790079,0.31799216209049846,0.0,0.0,0.07407406856956868,0.002197349911140436,0.026086922002202886,4.4981303921100925E-4,0.44642441139356553,0.40746692048141725,0.5324014399349706,0.39282943983296786,0.43415520695973836,0.6620598804427605,0.12288163153974467,0.5324009444234319,0.30970030667245607,0.07892628668268106,3
0.6414347840206901,0.6192473952695224,0.0,0.0,0.08496726732104776,0.001676004031093712,0.049689404874891825,0.0010498915931607905,0.182029573226631,0.18425299639529052,0.19587702490855252,0.16523773279638485,0.843620810713613,0.2261309783922988,0.43644076331553383,0.19587703010922763,0.20284621137893485,0.13499128378112812,3
0.5936261672861686,0.6150632846727758,0.0,0.0,0.08496727970618491,0.002850527676725475,0.031055864635501078,3.0193603662797414E-4,0.05886927167031568,0.051136298728745345,0.08100214829007722,0.04286827605640248,0.8127566660387375,0.23743758034475593,0.44915265261589793,0.08100236105857948,0.5030869572136227,0.10887961907580336,3
0.6454189830328331,0.23849430401455685,0.0,0.0,0.0718953990949437,0.0038588704253569033,0.03478259843308735,6.94635535173897E-4,0.3958174699899697,0.37986975896945396,0.45213638738895656,0.35152007162085863,0.627571369855976,0.49748772820031995,0.2012714931651997,0.45213584109846533,0.2650534346633082,0.10130725943120314,3
0.5537853581055349,0.2594146137360459,0.0,0.0,0.06753804776055665,0.0014446321262622601,0.01739124557131843,7.240001846179392E-4,0.32274749511966266,0.3336033490253991,0.3387342507112582,0.2954014688098855,0.8580240782285549,0.2726134160362829,0.34322027674908995,0.33873396829763097,0.17615593237292643,0.15740924843998177,3
0.9362557681577028,0.44351509077330636,0.0,0.0,0.030501124942006592,7.045153047049566E-4,0.028571339673626742,5.358697271750088E-4,0.3199074623324238,0.2889606680603631,0.3873352493758346,0.27825426236650375,0.5411515506995701,0.5351762599542645,0.22669485213121982,0.38733481186030794,0.3304774224055033,0.07996292716986453,3
0.4422316238231187,0.3305444938807383,0.0,0.0,0.28976068694906265,0.012121451120863278,0.028571339673626742,6.346417298504237E-4,0.45442843430149166,0.421265760867872,0.5287197352377634,0.40763867443183177,0.47530782799308136,0.604271052977688,0.1779649814836185,0.5287189537988974,0.278346060202372,0.07823326636256234,3
0.8247011481696895,0.225941972224317,0.0,0.0,0.05446611760876689,0.002158484289331478,0.5913038514911334,0.018420978498964825,0.39530112490428065,0.3847396477541445,0.42709951808627994,0.371785093752827,0.6687236269758361,0.3718597132832421,0.37076279099044285,0.4270991644603377,0.19713105530334205,0.10380854836807875,3
0.7490046145261623,0.5564857363183233,0.0,0.0,0.0,0.0,0.0,0.0,0.0,0.0,0.0,0.0,0.8930030140599043,0.10929644510252311,0.5826273329067048,0.0,0.0,0.4690525100167157,4
0.7490046145261623,0.5439334045280835,0.0,0.0,0.0,0.0,0.0,0.0,0.0,0.0,0.0,0.0,0.8930030140599043,0.10929644510252311,0.5826273329067048,0.0,0.0,0.4690525100167157,4
0.22310805903523045,0.32636038328399164,0.0,0.0,0.06753808491596808,0.0022804707234076404,0.13788818489663746,0.0033927410165072187,0.11851292615321564,0.0949673748347452,0.16273994077686815,0.09431015533449583,0.6707812366208279,0.3655782913242513,0.37923731391823423,0.16273997409712437,0.47748901412421024,0.0743537397665348,4
0.9641436850667084,0.34728069300548076,0.0,0.0,0.026143785992756675,5.429800640614762E-4,0.004968942633298191,2.1356108686576042E-5,0.008262330266719868,0.001623209718072471,0.021355454914939353,7.793239481726325E-4,0.8395055914236296,0.17839229878279023,0.5211865171368324,0.021355832158534774,0.9777781819256485,0.0851961264845894,4
0.9083678512486973,0.38912179897294685,0.0,0.0,0.019607777568881796,9.559272957816535E-4,0.06335399175193933,0.0014724264185461504,0.1378778891057928,0.1193178572800904,0.17304941067177612,0.11847231710322326,0.7016455311424316,0.32412097003432283,0.4173729398558555,0.17304926130958526,0.37553281213413564,0.07048201615159284,4
0.7768931219055661,0.3514648036022273,0.0,0.0,0.06753807253083094,0.0019613475318356506,0.029813655799789153,9.124116434909566E-4,0.05318893646393944,0.049512829380199755,0.07142919352029264,0.03741222857535007,0.8456784203586046,0.2160808305367348,0.45127117843916875,0.07142947197102546,0.51256629603781,0.1448684128389673,4
0.16733045380602463,0.5899586210922962,0.0,0.0,0.07625267735702164,0.002979801414890817,0.027329130837914817,5.984627957267831E-4,0.010586287600168255,0.007304962992272343,0.019146490158508972,0.004676463584931769,0.8641969071635299,0.1557793070092447,0.5338985113458734,0.019146637783814147,0.6486777165746347,0.11077169748940528,4
0.2111560524691996,0.5104607630163546,0.0,0.0,0.06100212603264177,0.0017581380209321738,0.011180094102308313,2.4847551455401236E-4,0.03743865874308396,0.026785556652927034,0.05964727399407768,0.02416216176872745,0.7983533985237957,0.23241240035128957,0.4724576955760011,0.05964738850875085,0.6304717390760725,0.08950337204382616,4
0.6215146746655724,0.30962394089700523,0.0,0.0,0.047930233036263425,0.0021663029593438276,0.004968942633298191,1.2420263209824483E-4,0.13193924654062275,0.106330881383145,0.1782038553097602,0.1075604820890665,0.6502050973575599,0.37939737720775724,0.37711857827760936,0.17820404818393337,0.4590250134694907,0.06857779976741336,4
0.3784865062752242,0.34728069300548076,0.0,0.0,0.02832245546738163,4.977380511744863E-4,0.009937885266596383,3.0994457738544044E-4,0.14097622925182543,0.11688278307250857,0.19072228996109852,0.11145762172582564,0.6584355359375268,0.3994978850502539,0.33474575382129856,0.1907222432348795,0.4515462066049381,0.08266622661706668,4
0.8804799343396918,0.21338964043407715,0.0,0.0,0.010893223521753375,4.379214301091362E-4,0.014906827899894575,4.023237975263863E-4,0.04466829883842579,0.030032235719545095,0.07584741334262324,0.02572106961302069,0.765431430137174,0.28015107996079813,0.4258475257288531,0.07584757418423137,0.6808083058449633,0.09206997482238102,4
0.0756983050547219,0.5146448736131012,0.0,0.0,0.026143785992756675,1.551588495654482E-4,0.013664511773732168,1.736588837934745E-4,0.020655960482748953,0.008116827481781741,0.04271061952040877,0.00935318711781154,0.7901229599438289,0.2273872203578232,0.4894069512489378,0.042710804708363435,0.8292341372592257,0.07373325827058194,4
0.8844626571758393,0.21338964043407715,0.0,0.0,0.013071892996378337,5.203590576179807E-4,0.009937885266596383,3.620000923089701E-4,0.04492660619721957,0.030032235719545095,0.07584741334262324,0.02650039356119332,0.7633738204921824,0.2788948379952737,0.4300848081744842,0.07584757418423137,0.6703714396782781,0.0893707213653714,4
0.8924310552001252,0.19665319804709072,0.0,0.0,0.013071892996378337,7.358658941719488E-4,0.009937885266596383,2.4833501383896895E-4,0.05809461922583288,0.04058439703938179,0.09352058294141555,0.03741222857535007,0.7386825047522819,0.30527676779676116,0.4110170056965412,0.09352055610952564,0.6222227274070605,0.08569262728107147,4
0.22709225804737346,0.42677879434366633,0.0,0.0,0.1350761450616619,0.002134800551041644,0.016149036735606505,2.8107168044405004E-4,0.14536556692802985,0.12337640083621784,0.18851332520466818,0.12081080884363717,0.6728388462658196,0.36683453328977567,0.37500005245433854,0.18851333539639425,0.414807710232039,0.07510513794514562,4
0.6334666812316032,0.12552331790239835,0.0,0.0,0.03267967056526013,0.001413053808542482,0.004968942633298191,1.2420263209824483E-4,0.004905952393791985,0.004058283925654282,0.008100795447947522,0.002338231792465899,0.8847721473464286,0.1268842568826023,0.5614408157698724,0.008100379373975638,0.5370373485676873,0.12710246990361296,4
0.6334666812316032,0.4142264625534265,0.0,0.0,0.03267967056526013,0.0012063524644296063,0.009937885266596383,1.9634974927296094E-4,0.22050119177299152,0.1988634416407815,0.2606781629216745,0.19875308168292383,0.6481474877125684,0.37060325918634895,0.3940678339505461,0.2606780593473851,0.30744470688796793,0.06369833559523452,4
0.5617534608946217,0.4184105731501731,0.0,0.0,0.04357301793838493,7.948475116437461E-4,0.012422302938020238,2.4833501383896895E-4,0.20036157637593158,0.17938284798012685,0.23785054868489808,0.1808262913434214,0.660493166989194,0.3517591630144716,0.41313565741022445,0.23785029054774268,0.31548434470074993,0.06083955452491983,4
1.0,0.5271972054033409,0.0,0.0,0.0348583400398851,9.500063612091944E-4,0.013664511773732168,5.138111149132166E-4,0.005163990120687254,0.00243507420758184,0.01178279045462464,7.793239481726325E-4,0.870369736098505,0.14447270505678758,0.5466102957375605,0.011782943070980786,0.749999431667057,0.09698960989718561,4
0.8167327501454033,0.20920552983733057,0.0,0.0,0.021786447043506758,7.045153047049566E-4,0.011180094102308313,3.3144118678705986E-4,0.049315943873424,0.03409077927567252,0.08100214829007722,0.03039753319795246,0.759258601202199,0.28392001798874006,0.4258475257288531,0.08100236105857948,0.6458915211544888,0.0893707213653714,4
0.9482068890181363,0.34309658240873414,0.0,0.0,0.1350761450616619,0.02355385727632759,0.02360239704032855,6.224884179991809E-4,0.10043923036270883,0.07224010210747248,0.1516942460663067,0.07326580925435493,0.6419746373709178,0.3969851889878364,0.355932270958131,0.15169428875975657,0.5770027484581126,0.07291799124678922,4
0.8207184253335421,0.43514677227491555,0.0,0.0,0.041394348463759965,5.753174759572104E-4,0.003726626507135785,2.4095872629919508E-5,0.008520637625513647,0.003246679066618061,0.019146490158508972,0.002338231792465899,0.8497936396485881,0.16582945486480868,0.5317797757052486,0.019146637783814147,0.9333345457769451,0.0862535749213344,4
0.3545821979079634,0.5146448736131012,0.0,0.0,0.015250562471003292,3.2337411895735204E-5,0.021117979368904697,1.0952030737622466E-4,0.014717317917578935,0.007304962992272343,0.030928409684723934,0.004676463584931769,0.8312751528436628,0.1959803226942381,0.500000209817354,0.03092872124608879,0.8814821213822766,0.0959633733847829,4
0.3386459923297896,0.7782421383724296,1.0,0.499999932327073,0.06318082027754102,0.0025335223579044026,0.028571446964077225,7.962878025076988E-4,0.44074407618718925,0.41071385917850844,0.5154647854613017,0.390491208040502,0.5041145770897196,0.6030152352749011,0.15042435559845158,0.5154643606230445,0.2853331454045735,0.08579319903728554,5
0.01195407321242472,0.7447692535984568,0.0,0.0,0.08061000268262071,0.006780472089777157,0.26211207260044367,0.0826616989360513,0.18435353056007941,0.17126602049834513,0.21870463914532892,0.16056126921145308,0.7263368468823318,0.33165863395883804,0.37923731391823423,0.2187045123726347,0.27147309625514054,0.07968086385358601,5
0.529881049738274,0.7364010324049636,0.0,0.0,0.0740740190290201,0.0026446309724391126,0.04720490137110758,0.001287408051941428,0.41389143541237505,0.3847396477541445,0.4911644312837484,0.36009367484254956,0.5205754542496532,0.609296445102523,0.12288163153974467,0.49116379557358825,0.3074583468786018,0.09219453352045075,5
0.8685258611272672,0.6903770321519709,0.0,0.499999932327073,0.08278864738697138,0.0032424707725969434,0.11428568056585842,0.002049673606301401,0.4203464230632341,0.38960979616930813,0.5014736108691865,0.36399081447930864,0.5061721867347114,0.6306538313046504,0.1016942751334963,0.5014730827860492,0.3144629367354501,0.09271935624828045,5
0.8127500273092558,0.7489533641952034,0.0,0.0,0.05010890251088839,0.0017419693149843061,0.03602480726879927,8.106891257996332E-4,0.3449524908594786,0.327109990892163,0.4020626487836033,0.3016368402391105,0.6316865891459592,0.48869382231028036,0.21186517136832392,0.40206220128597464,0.29078891432494547,0.10069747090933051,5
0.8007989064488226,0.7615056959854433,0.0,0.0,0.04357301793838493,0.0013094374535244592,0.07577634833518482,0.0017955780631456583,0.2907311338560597,0.27678529702245386,0.33578877082970443,0.2564304103746266,0.6810693062524618,0.41331697093375985,0.28813545808373814,0.3357883757980034,0.2783872075074509,0.09969695533458026,5
0.34263019134193257,0.774058027775683,1.0,0.0,0.05228744813414193,0.0015169738012308866,0.04968939414584677,0.0012038101264906862,0.4293834057744368,0.40178516720721735,0.5014736108691865,0.3795793730263452,0.5267482831846283,0.5866832411976088,0.1546605679755773,0.5014730827860492,0.28752691056485474,0.08936696437447834,5
0.4143431164437149,0.7615056959854433,0.0,0.0,0.12636159101453345,0.0033249235819893066,0.06459623277478639,0.0015705872431111272,0.4190554255330623,0.38798658645123574,0.4977919061719793,0.36554972232360194,0.5041145770897196,0.6180914116494063,0.12500078681507748,0.4977913786977501,0.3084658875200906,0.08954701093804547,5
0.8486063422425476,0.6276153732007718,0.0,0.0,0.14596936858341525,0.001273380480166539,0.2571423789339921,0.013649194864164963,0.2819522697613218,0.2581165418882613,0.3291612959414736,0.25487158051471775,0.6090528830510507,0.42211087682379944,0.34745753821298564,0.3291610792100769,0.29805675600102755,0.06153055184994232,5
0.784861224694653,0.7196645900179771,0.0,0.0,0.04139422461238855,0.0020622311478202303,0.07577634833518482,0.00115231661442733,0.3767108143961863,0.35714248624218126,0.4410906926783952,0.3273579098521312,0.606995273406059,0.5339200179887401,0.16101593562803582,0.44109015576109756,0.29862236094597877,0.10304009923079946,5
0.7490046145261623,0.7364010324049636,0.0,0.0,0.047930233036263425,0.001751685720436546,0.06832293438523751,0.0017232904452558987,0.3382394654817244,0.3222398424769993,0.3969082041456192,0.2915045891210744,0.6481474877125684,0.49497524426927114,0.18432244730961703,0.3969077009478619,0.30575516671478553,0.10813428988248133,5
0.7211161071467584,0.732216921808217,1.0,0.0,0.1437906991087903,0.003567158124478692,0.039751433775935055,8.954110569707213E-4,0.33772312039603536,0.3198047682694175,0.3969082041456192,0.29228391306924706,0.633744198790951,0.49748772820031995,0.19491612551274118,0.3969077009478619,0.3045225662278378,0.10339267837614761,5
0.5976100710631125,0.6359835943942649,0.0,0.0,0.08060997791234642,0.003988144163522246,0.40621065793293787,0.030287879642591473,0.27885390265209936,0.2524347107249194,0.3181156883237531,0.2626657818038516,0.5905341821793708,0.38065361917328167,0.43644076331553383,0.31885179199761604,0.26384720482491936,0.0024946419529878984,5
0.4422316238231187,0.7782421383724296,0.0,0.0,0.16557727000366845,0.005224860394990101,0.11055894676827216,0.0022525847389668827,0.3508911334246487,0.3262983860331268,0.41237211867851126,0.3094311195126288,0.5781885243094207,0.512563268180719,0.22669485213121982,0.4123714884984355,0.2963290238540703,0.08520017247478191,5
0.541833351539504,0.7154804794212305,0.0,0.0,0.07189538670980657,0.00672876259451102,0.080745290968483,0.0066496178415675995,0.2434807860309106,0.22970746396069405,0.28424232131452126,0.21356205633383973,0.6995879214974398,0.37939737720775724,0.32627123089350724,0.28424211165744023,0.28575666711375525,0.09819069098576505,5
0.6613551886110071,0.7447692535984568,0.0,0.0,0.1481480380580402,0.0039053118070419045,0.08447202476606926,0.0011140301695780404,0.40717841003462074,0.3749996105542903,0.480118736573187,0.36087325873867016,0.49999935779973625,0.5854274234948219,0.18432244730961703,0.48011811023622053,0.2955235824071401,0.07962075199929715,5
0.992031601975714,0.6903770321519709,0.0,0.499999932327073,0.06318082027754102,0.0018549225283665902,0.07701855717089674,0.0012229182237365698,0.3741290889677412,0.3441552507147627,0.44845439238227947,0.3242403541114927,0.52880589282962,0.584171605792035,0.15677972325091014,0.44845413701016634,0.31813777754539274,0.08871440395628481,5
0.9681293602548471,0.7656898065821899,0.0,0.0,0.06753807253083094,0.0019955067697536807,0.050931635168693846,0.0014698060802105933,0.3467598334753395,0.32467491668458115,0.40869012367183416,0.3024164241352312,0.5987648348260922,0.5138195101462434,0.20339064844053253,0.40868978441013654,0.3008536360805032,0.09435220229026164,5
0.7051799015685847,0.7280328112114705,0.0,0.0,0.10239647449640174,0.0031525105218043734,0.0695651968661747,0.001642558734392039,0.341854150713446,0.32142823761796313,0.4020626487836033,0.29773996055029944,0.613168102341034,0.5037691501593107,0.20550770554232545,0.40206220128597464,0.30003682797471143,0.09725288825899886,5
0.9083678512486973,0.7698739171789365,0.0,0.0,0.1633986005290435,0.0039754596998420174,0.0919253850707913,0.0016213009762059932,0.3325591302753481,0.31006447143909016,0.3902807292573884,0.2930632370174196,0.6008224444710839,0.48869382231028036,0.2436438979868025,0.3902804043599354,0.2902787786752386,0.08863175015663761,5
0.015936796048572135,0.8326355761301356,0.0,0.499999932327073,0.08496729209132206,0.002914511724816823,0.09937885266596386,0.001885112143806978,0.357604158802403,0.33198013930732667,0.42636329327062644,0.3094311195126288,0.5679004760844621,0.5515078297688193,0.17160961383116,0.4263627663354308,0.3175669439373652,0.09452675786713892,5
0.3386459923297896,0.7615056959854433,0.0,0.0,0.12854026048915843,0.002883381272660859,0.04968939414584677,0.001305251642751923,0.428092408244265,0.39204487037689,0.5073648609417639,0.37879978913022455,0.46296217012313123,0.6231168037742413,0.15889887852624296,0.5073642677853042,0.2995794336221222,0.07812922661475467,5
0.27888507379403804,0.7071134745389572,1.0,0.0,0.047930233036263425,9.824955919401199E-4,0.06708070409143549,0.0013464886026171212,0.15569354716940434,0.13392830252558138,0.142121581605992,0.19095880240940555,0.6707812366208279,0.07914621366719982,0.8622884778800054,0.1804129560224186,0.3273831905302092,0.923811114681858,6
0.2350603608364604,0.7112963688244839,1.0,0.0,0.06535942782648027,0.002094264922045583,0.05962729014148821,0.0015067928934457326,0.1368449293025162,0.12499987018476343,0.11855745224409221,0.16757622453679877,0.7530857722672238,0.05025179993466355,0.8262712308935072,0.15832187188391847,0.2856914224918899,0.8747563735905504,6
0.406375013654628,0.8577402397106153,0.0,0.0,0.0348583400398851,0.0011376544415055692,0.0484471531229997,8.255119512366977E-4,0.10147192053408687,0.07954532473021797,0.09057510305986181,0.1340608756502598,0.6892996592057267,0.07914621366719982,0.8432202767490898,0.1266576121216289,0.4316962692352284,0.922649337498006,6
0.35059829413101956,0.8786607926943484,0.0,0.0,0.054466241460138315,0.00259198020039479,0.03229807347121301,0.0011434650693796045,0.09811527302926047,0.07792185538167237,0.0824748882308541,0.1340608756502598,0.7037031407874231,0.05402137435671165,0.8707630008077969,0.1266576121216289,0.44601200773842137,0.8984947760486628,6
0.027887916909005623,0.7866103595659228,0.0,0.0,0.06535945259675453,0.001376693197514179,0.031055864635501078,5.138111149132166E-4,0.1045702606801195,0.09740244904232703,0.07805666840852349,0.1395169231313122,0.8004110081687874,0.0,0.8622884778800054,0.13181211245974167,0.40888508989890493,0.8221556110947987,6
0.7928305084245365,1.0,0.0,0.0,0.0893245815000234,0.002479520398226878,0.03229807347121301,7.398065150603067E-4,0.06429129951789818,0.047889360031654137,0.04860157928351623,0.09664864707490972,0.7448553336872571,0.045226407809828485,0.8432202767490898,0.09131164827104037,0.5633907198050391,0.8754615318812468,6
0.7370523127249323,0.677824700361731,0.0,0.0,0.05664478708339185,0.0014478962312188721,0.04720490137110758,0.0014319903127566994,0.11954561632459368,0.09902565876039951,0.10309353771120015,0.15666412957469397,0.6934150925624647,0.05527719205949862,0.8792375237355883,0.1480125846714576,0.3964338244487739,0.9013703190783465,6
0.003985675188138651,0.979079447016267,0.0,0.0,0.0740740190290201,0.003774838700078551,0.07080740570188662,0.002364374132891056,0.04466829883842579,0.04545428582407233,0.039765139638855036,0.04910364748562748,0.882714965834946,0.09547820774449203,0.6165256344352242,0.0478653050464762,0.19105080214511586,0.7946053078767338,6
0.24302846362554734,0.8870290138878416,0.0,0.0,0.09803913554715182,0.009986485724930383,0.0372670161045112,0.0017632699237214587,0.04647564145428662,0.03571424862421811,0.030928409684723934,0.07326580925435493,0.7942381792338123,0.04145683338778038,0.7987285068348002,0.06922027759630484,0.5931502240368461,0.8483389476263911,6
0.960160962230561,0.7196645900179771,0.0,0.0,0.05882345655801681,0.0016350888550096727,0.04844716385204475,0.0012971026012794133,0.10715225574046314,0.09253230062716336,0.0824748882308541,0.14731120240483048,0.7427977240422654,0.010050784249670132,0.9046610925189622,0.13917609370881043,0.4202445422987476,0.8537663544703566,6
0.7928305084245365,0.8535561291138688,0.0,0.0,0.06100212603264177,0.001672588107301909,0.10559000413497396,0.0019079716101445164,0.16059922993129777,0.12499987018476343,0.14948528130987634,0.2065473609564421,0.5637852567944788,0.0929644510252309,0.9491528624332518,0.19514063198432074,0.42076745407301486,0.9436827065131195,6
0.22310805903523045,0.6945611427487175,0.0,0.0,0.03703700951451005,9.631386904532373E-4,0.03229807347121301,0.0012396378088267183,0.13658689157562098,0.1152595733544361,0.12223915694129942,0.17225268812173053,0.6810693062524618,0.07035124712031665,0.8665267884306712,0.16273997409712437,0.35899091349290607,0.9162942429027551,6
0.24701236740249125,0.8744766820976017,0.0,0.0,0.11982570644202999,0.026637070090808918,0.08198749980419494,0.004392115577574202,0.05706192905445485,0.047889360031654137,0.04271061952040877,0.08106008852787318,0.8024686178137791,0.05025179993466355,0.7754240933267591,0.07658397230913823,0.4867178317870889,0.8569684667084368,6
0.9243046472972695,0.8368196867268822,1.0,0.0,0.1045751439710267,0.010626394645774776,0.0372670161045112,0.0012503158631700063,0.10766860082615215,0.09090883127861776,0.1008842826452999,0.13094331990962133,0.7263368468823318,0.10175941757211407,0.7669495703989677,0.12371201962200143,0.3354219190102823,0.9425556092452033,6
0.9203189721091307,0.6861929215552242,0.0,0.0,0.045751563561638474,0.0010883133200684158,0.06335399175193933,0.0015638221336817936,0.10715225574046314,0.09090883127861776,0.08983858793473842,0.14107557102765744,0.7304520661723152,0.04773804321540246,0.8538139549522141,0.13328490870955545,0.38741278930988465,0.8845910197513682,6
0.11155461998801346,0.7698739171789365,0.0,0.0,0.01742910809425684,7.045153047049566E-4,0.013664511773732168,4.908392480036424E-4,0.11179990077546134,0.10551927652410878,0.08836584799396156,0.1426344788719507,0.8045262274587708,0.017587811780079177,0.8283903861688401,0.13475770495936917,0.34230738628226137,0.8291493941418687,6
0.24701236740249125,0.7949785807594162,0.0,0.0,0.05664478708339185,0.0016030550807843204,0.021117979368904697,3.981087760750881E-4,0.054221626635317474,0.04545428582407233,0.0368193694478314,0.08106008852787318,0.8065838371037625,0.03391980585737134,0.7987285068348002,0.07658397230913823,0.543201715001489,0.8365535561941799,6
0.36653449970919333,0.9414224516455475,1.0,0.0,0.06971672962031876,0.004705617205810775,0.044720483699683726,6.73279426487321E-4,0.08727094770219697,0.06980502789989064,0.07142919352029264,0.12081080884363717,0.7283944565273235,0.05025179993466355,0.8516947996768812,0.11413913053444741,0.44724710889031855,0.8892236785218033,6
0.28286897757098195,0.75313747479195,1.0,0.0,0.05010890251088839,8.855592656705121E-4,0.0695651968661747,0.003323481189026641,0.10586125821029133,0.08847375707103593,0.09867531788886953,0.13016373601350067,0.7222216275923484,0.09924566085285298,0.7754240933267591,0.12297562149709453,0.3503704394122983,0.9407695935745051,6
0.9402384909938503,0.75313747479195,0.0,0.0,0.039215678989135014,5.429800640614762E-4,0.033540282306924935,7.293392117895838E-4,0.05112328648928483,0.03896092769083617,0.03608314463217792,0.07872185673540731,0.7818923072971076,0.045226407809828485,0.8050859726607988,0.0743747779344176,0.5358202067367913,0.862392983559408,6
0.13944253689701902,0.9707112258227737,1.0,0.0,0.07407403141415725,0.003231888999784114,0.044720483699683726,5.129681106229572E-4,0.09295128290857321,0.07224010210747248,0.08026563316495385,0.12626659637674154,0.7016455311424316,0.06783961171474273,0.8495756444015485,0.11929391740879552,0.4522291154693407,0.9079623930991593,6
0.7808770256825099,0.9414224516455475,0.0,0.0,0.09586046607252686,0.011919137341087429,0.07453413949947289,0.005482127149915598,0.11205793850235658,0.09577897969378145,0.1104572374150845,0.12938441206532805,0.7283944565273235,0.12939801360186337,0.7182215881075524,0.12297562149709453,0.29272943032579113,0.9860760137517426,6
0.8844626571758393,0.7280328112114705,0.0,0.0,0.019607777568881796,6.101598986336004E-4,0.053416095756297896,0.001500941038664181,0.09036928784822959,0.08441547314538164,0.0648017186320618,0.12314904063610303,0.8148142756837293,0.0012558177027869662,0.8453394320244227,0.11634832490916804,0.4454185317459415,0.8098413509445653,6
