@relation image-segmentation
@attribute f1 real [-1.66857, 1.71856]
@attribute f2 real [-1.92222, 2.18857]
@attribute f3 real [-0.286499, 3.4738]
@attribute f4 real [-0.211099, 7.17738]
@attribute f5 real [-0.609564, 7.46463]
@attribute f6 real [-0.131496, 13.0421]
@attribute f7 real [-0.542744, 8.77775]
@attribute f8 real [-0.119503, 14.1153]
@attribute f9 real [-0.95899, 2.74977]
@attribute f10 real [-0.927608, 2.92402]
@attribute f11 real [-1.00472, 2.43988]
@attribute f12 real [-0.925444, 2.92148]
@attribute f13 real [-3.10152, 1.56992]
@attribute f14 real [-1.62175, 3.09231]
@attribute f15 real [-2.01432, 2.75173]
@attribute f16 real [-1.03824, 2.45172]
@attribute f17 real [-1.86172, 2.53711]
@attribute f18 real [-0.763466, 2.69675]
@attribute clase integer [0, 6]
@inputs f1, f2, f3, f4, f5, f6, f7, f8, f9, f10, f11, f12, f13, f14, f15, f16, f17, f18
@outputs clase
@data
0.09960349912758004,0.23431019341781023,1.0,0.0,0.039215678989135014,0.0015512848579841067,0.054658347508190014,0.0022975871179952406,0.13942692436285983,0.1428569944968725,0.17157667073099922,0.10210443460801409,0.8683121264535134,0.30904549369333445,0.2711864122281554,0.17157646505977148,0.43693968623474877,0.16822996021057643,0
0.08764942591515532,0.18410086625685093,0.0,0.0,0.08714588725512415,0.0064120381405350525,0.03975154106638554,5.664286326969191E-4,0.16343953235043518,0.15827904460139972,0.20618620449399058,0.12314904063610303,0.7942381792338123,0.3693470172208245,0.24576263362742737,0.20618631732168852,0.43507071198477776,0.1408088396793726,0
0.3147416839625288,0.43933088287166217,0.0,0.0,0.05882345655801681,0.002850527676725475,0.03478259843308735,6.304969587566471E-4,0.15130420949319986,0.15503210590430855,0.1826223654415607,0.11457517746646413,0.8662545168085215,0.30778925172781,0.2754236736920511,0.18262215039713925,0.407364731076218,0.16655434227227434,0
0.003985675188138651,0.1380756496926382,0.0,0.0,0.08496729209132206,0.004169127396953724,0.05341611721438799,0.0011033521152347524,0.13064824901045094,0.1266230799028359,0.16715816059919872,0.09586906317878909,0.8148142756837293,0.3291460863883786,0.2923729293649878,0.1671583628465656,0.4576819290584087,0.14404042984599805,0
0.5776899617079947,0.47280379197185946,0.0,0.0,0.019607777568881796,2.908848882264191E-4,0.00869556914043397,7.748614434635962E-5,0.04208630377808217,0.054382977795363406,0.04860157928351623,0.023382837820554822,0.9711930368366071,0.15326661094682717,0.42796617744253634,0.05081089754610369,0.5634925650684387,0.27914268935812103,0
0.0836667030790079,0.43933088287166217,0.0,0.0,0.015250562471003292,1.8749626146118343E-4,0.007453360304722046,9.61727394471139E-5,0.0392462709908433,0.049512829380199755,0.04639232421761598,0.021823929976261553,0.9567906255886837,0.1557793070092447,0.4385594150292171,0.04860170317138307,0.5753973215605058,0.2652629200026819,0
0.47808823399160943,0.42677879434366633,0.0,0.0,0.06753807253083094,0.0026695444432939955,0.06583845233954337,0.0011033521152347524,0.14123426697872063,0.14610367356349058,0.1686311908494455,0.1075604820890665,0.8786006028119809,0.2851762599542645,0.3008474522927792,0.16863115909637935,0.3965895476751773,0.17519686632279602,0
0.5617534608946217,0.09205043312842547,0.0,0.0,0.019607777568881796,0.0010883133200684158,0.011180094102308313,2.5219878350265867E-4,0.7709800580247845,0.7069784517092512,0.8527260059223131,0.7459086792460679,0.12551376021098415,0.7223624646270943,0.3389830152851943,0.8527232403809787,0.24777702252644454,0.022782392775479915,1
0.9043821760605587,0.03765699537071951,0.0,0.0,0.04139422461238855,8.563341398961984E-4,0.018633454407030358,5.430352636422156E-4,0.8714179402280008,0.8327901863835241,0.9315188991464901,0.8448942583737034,0.28189166509684377,0.6369350411322725,0.32203396942961154,0.9315178397460143,0.1888934102931916,0.033904530815417305,1
0.4900404413175756,0.07531399074143902,0.0,0.0,0.039215678989135014,0.0012410430682708049,0.02360239704032855,6.545928313865666E-4,0.8954313571112718,0.8709402881067434,0.9469807815130928,0.864379956557499,0.3806577843234634,0.599245660852853,0.28389819661984245,0.946979335006705,0.16561676627648717,0.04815190727977675,1
0.6015942700752555,0.029288774177226293,0.0,0.0,0.030501001090635176,7.948475116437461E-4,0.012422410228470725,1.9634974927296094E-4,0.7815658063611559,0.7102264289282351,0.8645067642106484,0.762277601533069,0.06584265237271586,0.7311553098602903,0.38559331102275474,0.8645056103794886,0.25466908246056336,0.014079178872070417,1
0.474104182597066,0.26359872433279247,0.0,0.0,0.013071892996378337,1.551588495654482E-4,0.011180094102308313,5.613003565978357E-5,0.7100432489565245,0.6509735623481812,0.8166434419090751,0.6539364957560898,0.18518486804925247,0.8341705451351913,0.08898353982857925,0.8166425976228954,0.2767849632743252,0.057524732560048274,1
0.406375013654628,0.22175786162757039,0.0,0.0,0.026143785992756675,0.001220243887849605,0.029813548509338667,6.628823735741197E-4,0.758326233026672,0.7037330707949989,0.8365267375021772,0.7279826687504094,0.20164446080865858,0.7010050784249671,0.29661019082888346,0.836525346995381,0.23679751206570834,0.03252629315626539,1
0.2629488682158642,0.2510463925425526,0.0,0.0,0.06535942782648027,0.0015512848579841067,0.033540282306924935,2.1644135152414827E-4,0.8781317745014506,0.8441542121928702,0.9337281542123902,0.851910253490841,0.3148129912832018,0.615577654930145,0.3241524952528824,0.9337270341207349,0.1796727766246934,0.03543304811029138,1
0.2629488682158642,0.08786632253167882,0.0,0.0,0.03703700951451005,0.0018549225283665902,0.03975154106638554,9.456400625986887E-4,0.8799383082216159,0.8409088312786178,0.9425651744759913,0.8511304096467724,0.2757201205623962,0.6520112175067776,0.30296597811605,0.9425638116196174,0.19062568910369346,0.03654714040973163,1
0.20318794968011267,0.3807535777794536,0.0,0.0,0.02832245546738163,8.855592656705121E-4,0.018633454407030358,4.0878683041837703E-4,0.020139615397059937,0.004870148415163651,0.041974104395285386,0.011691418910277411,0.7695466494271573,0.2261309783922988,0.5127119942090411,0.041974406583456574,0.8997347021821711,0.04989572905275277,2
0.3147416839625288,0.31799216209049846,0.0,0.499999932327073,0.9564266105075007,1.0,1.0,1.0,0.4701784423904486,0.4293825883496537,0.5235650002903095,0.45284518228070014,0.41152192899833884,0.5012566662282619,0.4173729398558555,0.5235644534607846,0.30628189768643027,0.02016781611321374,2
0.03187359209714421,0.2887033879132722,0.0,0.0,0.11546836749278008,0.02399982510470186,0.3726705902069139,0.05158315151955387,0.164730529880607,0.1266230799028359,0.20986819950066768,0.15354657383405548,0.5432091603445619,0.38190986113880604,0.4830509541444173,0.20986802140998753,0.5142542448787518,0.018428329329729702,2
0.019919518884719555,0.2928874985100188,0.0,0.499999932327073,0.16121993105441856,0.0152544301495203,0.12795029963004106,0.020563263151586998,0.08701290997530174,0.056006447143909024,0.12518492713232304,0.07638362494294144,0.6255137602109843,0.3266335176047823,0.49152547707220867,0.12518481587181515,0.6281561233327952,0.026388526034212895,2
0.23107616182431737,0.3682012459892138,0.0,0.0,0.030501124942006592,0.0014478962312188721,0.022360188204616622,2.564840553114786E-4,0.014200972831889917,8.116048590362211E-4,0.0368193694478314,0.003117815688586533,0.7860075265870909,0.22864367445471634,0.49152547707220867,0.03681961970910842,0.9861122162029449,0.07064790174948614,2
0.23107616182431737,0.4560673982373218,0.0,0.0,0.08496726732104776,0.0034661150987171613,0.03229807347121301,0.0013488068644153344,0.13297193671200078,0.07711025052263616,0.2194411542704523,0.09508973923061646,0.41975279571181473,0.5854274234948219,0.26694915076425973,0.21944091049754155,0.6812675188629704,0.05554046336991678,2
0.5537853581055349,0.4769878782423817,0.0,0.0,0.026143785992756675,3.8782121449602695E-4,0.05962729014148821,0.002725039468407115,0.02736898586050323,0.011363506548399802,0.051547059165069964,0.017147206443381784,0.7613162108471906,0.23995006427580476,0.4978814741767292,0.05154729567101056,0.8531996008029407,0.05498818570863783,2
0.7569727173152492,0.376569467182707,0.0,0.0,0.04357301793838493,0.001360144944478334,0.024844713166490964,8.557898553285211E-4,0.31396881976725377,0.28490212450423563,0.37849851942170354,0.27357779878157196,0.5576124278595037,0.5188444780083411,0.237288110699636,0.3784983208976608,0.3227335450562991,0.08092240484409065,3
0.46613605028445915,0.48117198883912826,0.0,0.0,0.026143785992756675,6.981389136269244E-4,0.04099374990209747,0.0015308395908253875,0.14329991695337527,0.11769464756201793,0.18998606514544505,0.11847231710322326,0.6460898780675767,0.3844225572012236,0.37288131681371367,0.18998584510997263,0.43707849587276615,0.06896852682029099,3
0.5139448146365803,0.08786632253167882,0.0,0.0,0.04357301793838493,0.0018272915003617841,0.01863356169748084,6.035208214683408E-4,0.4146660878568579,0.39610341393301746,0.4698095569877489,0.3741233255452928,0.6008224444710839,0.4962314862347955,0.23093211359511548,0.46980882302375954,0.24900121168583467,0.09053741153731443,3
0.7410365117370754,0.2887033879132722,0.0,0.0,0.05228757198551335,0.0012410430682708049,0.029813655799789153,5.129681106229572E-4,0.28246869573658046,0.27597369216341766,0.3159065493816408,0.25331269866521927,0.7407401143972737,0.3517591630144716,0.3305084923574029,0.3159062854588591,0.24473030328519174,0.10901891673814582,3
0.7808770256825099,0.46025148450784403,0.0,0.0,0.8496729209132206,0.030301673134655108,0.021117979368904697,6.52625821375961E-4,0.2860834888210615,0.27353861795583584,0.32768855600069674,0.2540921005977763,0.6934150925624647,0.3944727050567876,0.30720344939729965,0.3276882829602632,0.2805782446696053,0.0992264644750501,3
0.5577695571176778,0.025104663580479657,1.0,1.0,0.14596949243478669,0.0077649792812835615,0.11180115560398407,0.001672787463233597,0.3108704796212211,0.294642421334563,0.35788016025082736,0.2766953545222105,0.6563779262925351,0.4283922987827902,0.28813545808373814,0.3578797464727389,0.2681865405119088,0.09283062097857475,3
0.3107574849503858,0.07112988014469239,0.0,0.0,0.16775581562692202,0.00656530684560237,0.018633454407030358,4.748221664887109E-4,0.435063740980813,0.39042166065881756,0.5243015154154328,0.38347651266310434,0.395060195571387,0.6758802391144788,0.1398306773953274,0.5243008515856915,0.324556302471339,0.0716180723977925,3
0.669323291400094,0.3807535777794536,0.0,0.0,0.039215678989135014,6.205594888442003E-4,0.019875770533192772,2.1377183793832652E-4,0.40588741250444893,0.39042166065881756,0.46170934215874115,0.3616525826868428,0.627571369855976,0.49748772820031995,0.2012714931651997,0.4617087301860193,0.25976066363101097,0.10107085800424019,3
0.8326695461939755,0.5941427316890427,0.0,0.0,0.0,0.0,0.0,0.0,0.0,0.0,0.0,0.0,0.8930030140599043,0.10929644510252311,0.5826273329067048,0.0,0.0,0.4690525100167157,4
0.8964137780362726,0.5020925418228613,0.0,0.0,0.0,0.0,0.0,0.0,0.0,0.0,0.0,0.0,0.8930030140599043,0.10929644510252311,0.5826273329067048,0.0,0.0,0.4690525100167157,4
0.6015942700752555,0.6025109528825361,0.0,0.0,0.019607777568881796,0.001066527317218473,0.240994093231539,0.09507634211727412,0.05086497913049105,0.03896092769083617,0.07290193346106952,0.03897113641964334,0.7839499169420993,0.23492488428233838,0.4830509541444173,0.07290226822083921,0.5000004546663545,0.07698161039657639,4
0.8247011481696895,0.09623454372517204,0.0,0.0,0.06753808491596808,0.0030209443192276433,0.009937885266596383,3.620000923089701E-4,0.10069726808960407,0.0787334602407086,0.13917581141496838,0.08106008852787318,0.6892996592057267,0.33165863395883804,0.4173729398558555,0.13917609370881043,0.479958534428473,0.0683052734280172,4
0.4860563663042163,0.5899586210922962,0.0,0.0,0.0,0.0,0.0,0.0,0.0,0.0,0.0,0.0,0.8930030140599043,0.10929644510252311,0.5826273329067048,0.0,0.0,0.4690525100167157,4
0.7290842099358454,0.5606698469150699,0.0,0.0,0.02832245546738163,0.0010674382302296203,0.004968942633298191,1.9634974927296094E-4,0.0038729925905154404,0.00243507420758184,0.008100795447947522,7.793239481726325E-4,0.8806577843234634,0.13190986113880604,0.5572035543059767,0.008100379373975638,0.527778295592237,0.11305045696569231,4
0.7370523127249323,0.004184110596746636,0.0,0.0,0.01742910809425684,4.750411353133961E-4,0.052173865462495875,0.0014184319937550246,0.04363560866704776,0.028409026001472625,0.07511118852696977,0.024941485716900056,0.7613162108471906,0.2814073219263225,0.42796617744253634,0.07511117605932446,0.6873009413866868,0.08765435452584462,4
1.0,0.7949785807594162,0.0,0.0,0.18082783247467177,0.009590135449728381,0.1242235658324548,0.004180324799717987,0.2809194717371844,0.26136327288097394,0.324743076119143,0.25331269866521927,0.6419746373709178,0.40452285291235157,0.34322027674908995,0.3247428050751298,0.27536867758017475,0.0658140994666229,5
0.8844626571758393,0.6276153732007718,0.0,0.0,0.054466241460138315,0.005306736292808736,0.20124190842245057,0.022377267883510576,0.2930548215576096,0.26298663837733033,0.3460979504151425,0.2657834935132589,0.5576124278595037,0.45477422858427763,0.34533901238971476,0.3460976630104643,0.3084170108869858,0.046082383296302896,5
0.30278938216129886,0.7280328112114705,0.0,0.0,0.11546836749278008,0.01337347069091841,0.1391303937323494,0.02316807615813159,0.22695617942385057,0.21347362725579938,0.2628873889566277,0.20187063742356232,0.7078183600774065,0.3505028786226735,0.36652552952654716,0.2628872537221057,0.2703609823521254,0.08259599978729652,5
0.3466140951188765,0.7071134745389572,0.0,0.0,0.05882345655801681,0.0016350888550096727,0.0857142336017812,0.0020837028794848792,0.3514074785103377,0.33035666995878105,0.41310834349416475,0.3063135637719903,0.6049376637610672,0.5138195101462434,0.19703318261453406,0.41310788662334247,0.3009188807023686,0.0967832643973671,5
0.4900404413175756,0.75313747479195,0.0,0.0,0.13725481453628685,0.0047794694781895545,0.07329193066376095,0.002019838279461964,0.4164734304727187,0.3863631171026901,0.495582651106079,0.3616525826868428,0.5123450156696865,0.6193472293521933,0.11440710861195333,0.49558218432302953,0.3136115739867192,0.09182374741923624,5
0.01195407321242472,0.7949785807594162,0.0,1.0,0.10675368959428023,0.0029299592912975314,0.11677009823728227,0.002253863295473776,0.3743871266946365,0.3441552507147627,0.4455089125007258,0.32813749374825185,0.5267482831846283,0.5678396117147427,0.1864395044114099,0.44550854451053884,0.3088598559162323,0.08445773327445455,5
0.9322730453215554,0.774058027775683,0.0,0.0,0.06535942782648027,0.002327003196393756,0.04968939414584677,8.283219655375629E-4,0.3294607901293155,0.3051943230239265,0.3880714741914881,0.29072500522495376,0.5884765725343791,0.4924627603382223,0.24999989509132303,0.38807120998521477,0.29423846795625197,0.08457102099984509,5
0.46613605028445915,0.7071134745389572,0.0,0.0,0.07625268478810393,0.0025864008582015116,0.0695651968661747,7.85328746734324E-4,0.33849777284051813,0.3222398424769993,0.3910169540730418,0.29851928449847204,0.6460898780675767,0.4635681344743172,0.23940663652290686,0.3910168024848422,0.2788227778750259,0.09913282870202322,5
0.8087643521211173,0.6066950634792826,0.0,0.0,0.019607777568881796,4.867311856231208E-4,0.044720483699683726,4.023237975263863E-4,0.165246874966296,0.1266230799028359,0.1686311908494455,0.19875308168292383,0.5390939410545785,0.1683421509272262,0.8474585872997557,0.18777693727148737,0.3890345841962522,1.0,6
0.6454189830328331,0.6485359261845047,0.0,0.0,0.06971671723518161,0.001913296870497623,0.05465835823723507,7.587741115911478E-4,0.11825488842632041,0.09009722641958155,0.10824798234918424,0.15588480562652135,0.6358018084359427,0.08793905890039583,0.8834758342862538,0.14727618654655067,0.44621410693297986,0.9353017268286142,6
0.46215202841343556,0.8912131244845882,0.0,0.0,0.11982558259065858,0.0044671553613758914,0.06832293438523751,0.0021795384172158894,0.14123426697872063,0.11282449914685427,0.11782093711896882,0.19329703420187141,0.6255137602109843,0.025126960624175326,1.0,0.18262215039713925,0.4415167214918512,0.8960729619191403,6
0.20318794968011267,0.6652723685714912,0.0,0.0,0.021786447043506758,7.948475116437461E-4,0.021117979368904697,2.8107168044405004E-4,0.17738219782353132,0.1469152784225268,0.16789467572432212,0.21667979403804186,0.5967072251811005,0.10552899199416216,0.894067414315838,0.20471352107187477,0.3491121502763235,0.9516446372133993,6
0.9243046472972695,0.7238487006147237,0.0,0.0,0.019607777568881796,1.357260386609709E-4,0.01739124557131843,5.664286326969191E-4,0.08262330266719874,0.07142849724843625,0.06553823375718518,0.11145762172582564,0.7777770880071242,0.0427147724042545,0.8135604955885902,0.10530263957180028,0.4055560683181664,0.863546090764276,6
0.7370523127249323,0.8661084609041085,0.0,0.0,0.045751563561638474,0.0012992655915666463,0.026086922002202886,4.728551564781052E-4,0.09553327796891685,0.07792185538167237,0.08394762817163096,0.12470768853244826,0.7242792372373401,0.07412082154236475,0.8156775526903831,0.11782112115898179,0.4013473355414962,0.910626966640233,6
0.8247011481696895,0.958158894032534,1.0,0.0,0.041394348463759965,0.0015060428450971168,0.05465833677914497,0.0036120134574394885,0.09863161811494948,0.07954532473021797,0.0861568832375312,0.13016373601350067,0.71193357936739,0.07035124712031665,0.8347457538212986,0.12297562149709453,0.4216214743465876,0.9124447722338722,6
