@relation image-segmentation
@attribute f1 real [-1.66857, 1.71856]
@attribute f2 real [-1.92222, 2.18857]
@attribute f3 real [-0.286499, 3.4738]
@attribute f4 real [-0.211099, 7.17738]
@attribute f5 real [-0.609564, 7.46463]
@attribute f6 real [-0.131496, 13.0421]
@attribute f7 real [-0.542744, 8.77775]
@attribute f8 real [-0.119503, 14.1153]
@attribute f9 real [-0.95899, 2.74977]
@attribute f10 real [-0.927608, 2.92402]
@attribute f11 real [-1.00472, 2.43988]
@attribute f12 real [-0.925444, 2.92148]
@attribute f13 real [-3.10152, 1.56992]
@attribute f14 real [-1.62175, 3.09231]
@attribute f15 real [-2.01432, 2.75173]
@attribute f16 real [-1.03824, 2.45172]
@attribute f17 real [-1.86172, 2.53711]
@attribute f18 real [-0.763466, 2.69675]
@attribute clase integer [0, 6]
@inputs f1, f2, f3, f4, f5, f6, f7, f8, f9, f10, f11, f12, f13, f14, f15, f16, f17, f18
@outputs clase
@data
0.5537853581055349,0.4769878782423817,0.0,0.0,0.010893223521753375,1.0991683667845931E-4,0.014906827899894575,2.2444989228161455E-4,0.04311926358135874,0.05357137293632718,0.05081054403994658,0.024941485716900056,0.9567906255886837,0.15954803290581793,0.4322034598881674,0.05154729567101056,0.5456353166637492,0.26114959297338664,0
0.7450204155140193,0.5104607630163546,0.0,0.0,0.013071892996378337,4.6540063927875107E-4,0.011180094102308313,5.613003565978357E-5,0.04647564145428662,0.060876335928599555,0.051547059165069964,0.027279717509365926,0.9855954480845307,0.14698518898783638,0.42372888660421104,0.05596539788421646,0.53858071350791,0.29765916347418775,0
0.13147413887273302,0.5271972054033409,0.0,0.0,0.019607777568881796,2.908848882264191E-4,0.024844713166490964,3.419787404153045E-4,0.040795306247910355,0.05681805200294525,0.04271061952040877,0.023382837820554822,1.0,0.12939801360186337,0.4385594150292171,0.05154729567101056,0.5736334434383688,0.3311192133670268,0
0.09960349912758004,0.23431019341781023,1.0,0.0,0.039215678989135014,0.0015512848579841067,0.054658347508190014,0.0022975871179952406,0.13942692436285983,0.1428569944968725,0.17157667073099922,0.10210443460801409,0.8683121264535134,0.30904549369333445,0.2711864122281554,0.17157646505977148,0.43693968623474877,0.16822996021057643,0
0.3346617933176465,0.376569467182707,0.0,0.0,0.05228757198551335,0.002249423771611032,0.028571339673626742,8.789724733106595E-4,0.1484639070740625,0.15503210590430855,0.1774676304941067,0.11145762172582564,0.8888886510369394,0.2952264078098285,0.2733051478687803,0.17746765005902648,0.4047927062423417,0.1802026231888414,0
0.06772990703043583,0.5606698469150699,0.0,0.0,0.015250562471003292,3.2337411895735204E-5,0.013664511773732168,2.6983162324058837E-4,0.02736898586050323,0.04058439703938179,0.026510189862393337,0.015588558547036547,0.9835382665730483,0.1118102018217842,0.4851696897850422,0.03681961970910842,0.6005294589697715,0.36324206350123805,0
0.08764942591515532,0.18410086625685093,0.0,0.0,0.08714588725512415,0.0064120381405350525,0.03975154106638554,5.664286326969191E-4,0.16343953235043518,0.15827904460139972,0.20618620449399058,0.12314904063610303,0.7942381792338123,0.3693470172208245,0.24576263362742737,0.20618631732168852,0.43507071198477776,0.1408088396793726,0
0.7768931219055661,0.4937243206293681,0.0,0.0,0.03267967056526013,7.562855275051702E-4,0.014906827899894575,1.2827715283449966E-4,0.044151953752736776,0.05762965686198147,0.04860157928351623,0.02650039356119332,0.979423903550083,0.14321646309126318,0.43644076331553383,0.0544926016344027,0.5401238511149555,0.2961829550525169,0
0.3147416839625288,0.43933088287166217,0.0,0.0,0.05882345655801681,0.002850527676725475,0.03478259843308735,6.304969587566471E-4,0.15130420949319986,0.15503210590430855,0.1826223654415607,0.11457517746646413,0.8662545168085215,0.30778925172781,0.2754236736920511,0.18262215039713925,0.407364731076218,0.16655434227227434,0
0.003985675188138651,0.1380756496926382,0.0,0.0,0.08496729209132206,0.004169127396953724,0.05341611721438799,0.0011033521152347524,0.13064824901045094,0.1266230799028359,0.16715816059919872,0.09586906317878909,0.8148142756837293,0.3291460863883786,0.2923729293649878,0.1671583628465656,0.4576819290584087,0.14404042984599805,0
0.474104182597066,0.5230130948065944,0.0,0.0,0.023965116518131713,7.304004161050639E-4,0.022360188204616622,3.206226317287284E-4,0.04363560866704776,0.05681805200294525,0.047865064158392846,0.02650039356119332,0.9773667220386006,0.14196022112573875,0.4406780457611649,0.05302009192082432,0.5295419463811968,0.2976981783796156,0
0.5776899617079947,0.47280379197185946,0.0,0.0,0.019607777568881796,2.908848882264191E-4,0.00869556914043397,7.748614434635962E-5,0.04208630377808217,0.054382977795363406,0.04860157928351623,0.023382837820554822,0.9711930368366071,0.15326661094682717,0.42796617744253634,0.05081089754610369,0.5634925650684387,0.27914268935812103,0
0.08764942591515532,0.30962394089700523,0.0,0.0,0.05664478708339185,0.0018357174457148979,0.03975154106638554,6.94635535173897E-4,0.12522622116286847,0.13798684608170883,0.14506706148754572,0.09197192354202996,0.9444432551846969,0.24246276033822226,0.30508471375667484,0.14506699217183006,0.3997519795036408,0.21202907564152063,0
0.9083678512486973,0.47280379197185946,0.0,0.0,0.0348583400398851,1.29273738165343E-4,0.019875770533192772,2.458060009681906E-4,0.04105361360670413,0.0519479035877816,0.04712883934273937,0.02416216176872745,0.9609049886116487,0.15075412701577834,0.4427966974748482,0.05007449942119683,0.5458558298456634,0.27674601816765193,0
0.0836667030790079,0.43933088287166217,0.0,0.0,0.015250562471003292,1.8749626146118343E-4,0.007453360304722046,9.61727394471139E-5,0.0392462709908433,0.049512829380199755,0.04639232421761598,0.021823929976261553,0.9567906255886837,0.1557793070092447,0.4385594150292171,0.04860170317138307,0.5753973215605058,0.2652629200026819,0
0.47808823399160943,0.20502141924058395,0.0,0.0,0.0893245815000234,0.004065708406421451,0.06459623277478639,0.002073172350892387,0.18641891090283547,0.1801944528391631,0.23343232886256748,0.1426344788719507,0.7777770880071242,0.3969851889878364,0.2161015935628036,0.23343218833453683,0.4223007049601826,0.13989155590286848,0
0.1274914160365856,0.5774062893020564,0.0,0.0,0.021786447043506758,4.3959143729623945E-4,0.016149036735606505,1.0952030737622466E-4,0.037955273460671485,0.030032235719545095,0.057438018928177466,0.024941485716900056,0.8189294949737127,0.2185933144677836,0.47457643121662596,0.05743819413403019,0.5783392402070551,0.1010488940574808,0
0.3147416839625288,0.3514648036022273,0.0,0.0,0.047930233036263425,0.0017581380209321738,0.021117979368904697,3.981087760750881E-4,0.1492385595185453,0.15584397039381787,0.1767311153689833,0.11379585351829151,0.8888886510369394,0.2876887438853133,0.2860169322604673,0.1767312519341196,0.39043654790023713,0.17858509410973186,0
0.3784865062752242,0.3054398303002586,0.0,0.0,0.05882345655801681,0.0022299909607065528,0.03602480726879927,0.0016483895140663345,0.16627956513767406,0.17207762535738136,0.19882250479010627,0.12626659637674154,0.8765425650334802,0.31783961171474273,0.24788136926805218,0.1988223360726198,0.39879149682983883,0.17273979427873865,0
0.06772990703043583,0.5313810727378436,0.0,0.0,0.0348583400398851,9.824955919401199E-4,0.018633454407030358,2.1644135152414827E-4,0.04002065380342756,0.05357137293632718,0.04344684433606225,0.023382837820554822,0.9814810850615657,0.1369350411322724,0.4449153911520022,0.04860170317138307,0.5438716658747894,0.3092809813029013,0
0.47808823399160943,0.42677879434366633,0.0,0.0,0.06753807253083094,0.0026695444432939955,0.06583845233954337,0.0011033521152347524,0.14123426697872063,0.14610367356349058,0.1686311908494455,0.1075604820890665,0.8786006028119809,0.2851762599542645,0.3008474522927792,0.16863115909637935,0.3965895476751773,0.17519686632279602,0
0.3745026024982803,0.19246908745034413,0.0,0.0,0.07189534955439515,0.005953120165518967,0.04720490137110758,0.0012396378088267183,0.1833205707568028,0.1801944528391631,0.2282775939151135,0.13873733923519155,0.8024686178137791,0.385678799166748,0.2097460160929911,0.22827740146018866,0.4256914452252076,0.14676627123855854,0
0.5537853581055349,0.058577548354452585,0.0,0.0,0.03921555513776359,0.002559665561324334,0.024844713166490964,8.549468510382588E-5,0.8923332865971376,0.8603889056783262,0.9432996574348255,0.8690564201424307,0.3251010395081602,0.5954782077444921,0.34745753821298564,0.9433002097445242,0.17250496154659306,0.03269131175626029,1
0.5617534608946217,0.09205043312842547,0.0,0.0,0.019607777568881796,0.0010883133200684158,0.011180094102308313,2.5219878350265867E-4,0.7709800580247845,0.7069784517092512,0.8527260059223131,0.7459086792460679,0.12551376021098415,0.7223624646270943,0.3389830152851943,0.8527232403809787,0.24777702252644454,0.022782392775479915,1
0.6533870858219201,0.3682012459892138,0.0,0.0,0.03485846389125651,8.274126517922674E-4,0.01739124557131843,3.419787404153045E-4,0.6511745165500059,0.5771086927397973,0.782032746908204,0.5837895419821135,0.09259243402462623,0.9434669902377145,0.0,0.7820318857522722,0.33041808844624593,0.05989654981076325,1
0.9043821760605587,0.03765699537071951,0.0,0.0,0.04139422461238855,8.563341398961984E-4,0.018633454407030358,5.430352636422156E-4,0.8714179402280008,0.8327901863835241,0.9315188991464901,0.8448942583737034,0.28189166509684377,0.6369350411322725,0.32203396942961154,0.9315178397460143,0.1888934102931916,0.033904530815417305,1
0.4900404413175756,0.07531399074143902,0.0,0.0,0.039215678989135014,0.0012410430682708049,0.02360239704032855,6.545928313865666E-4,0.8954313571112718,0.8709402881067434,0.9469807815130928,0.864379956557499,0.3806577843234634,0.599245660852853,0.28389819661984245,0.946979335006705,0.16561676627648717,0.04815190727977675,1
0.6175304756534293,0.08786632253167882,0.0,0.0,0.030500877239263754,2.844325877307912E-4,0.058385012639887976,7.507655708336816E-4,0.9501693288322782,0.9480505386293797,0.9698107182256284,0.9314101344346809,0.5308635024746117,0.4497490485908113,0.38135604955885904,0.9698076768788182,0.11305506236885719,0.046367914604175,1
0.07968102789086931,0.3305444938807383,0.0,0.0,0.026143785992756675,7.75794247827241E-5,0.01739124557131843,4.0611731683255433E-4,0.791118864526149,0.7735373198034701,0.8519886198687799,0.7435691477138617,0.471192608703098,0.6206030470549803,0.1546605679755773,0.8519868422560717,0.17969778327418878,0.0802715784216939,1
0.027887916909005623,0.11715509670890512,1.0,0.0,0.054466241460138315,0.0019714434843758686,0.04099374990209747,5.04959569865491E-4,0.7903450209773617,0.7491865777276518,0.8748156534866167,0.7404523718170674,0.29217971332180226,0.7412060941099604,0.13559236684466175,0.8748151841281848,0.22295428557139055,0.06167534049897463,1
0.023905194072858203,0.029288774177226293,0.0,0.0,0.05010890251088839,0.001273380480166539,0.021117979368904697,2.6983162324058837E-4,0.9664362212707213,0.9740239711623242,0.9779103524356962,0.9469992128776135,0.5987648348260922,0.4120607289682355,0.37500005245433854,0.9779080562527938,0.09635289383767956,0.058626108890312056,1
0.6015942700752555,0.029288774177226293,0.0,0.0,0.030501001090635176,7.948475116437461E-4,0.012422410228470725,1.9634974927296094E-4,0.7815658063611559,0.7102264289282351,0.8645067642106484,0.762277601533069,0.06584265237271586,0.7311553098602903,0.38559331102275474,0.8645056103794886,0.25466908246056336,0.014079178872070417,1
0.474104182597066,0.26359872433279247,0.0,0.0,0.013071892996378337,1.551588495654482E-4,0.011180094102308313,5.613003565978357E-5,0.7100432489565245,0.6509735623481812,0.8166434419090751,0.6539364957560898,0.18518486804925247,0.8341705451351913,0.08898353982857925,0.8166425976228954,0.2767849632743252,0.057524732560048274,1
0.5657376599067647,0.05439343775770595,0.0,0.0,0.05010890251088839,0.0015836222698798418,0.019875770533192772,8.228424376508759E-4,0.8897502130091999,0.8595762622973975,0.938881147303025,0.866719488089705,0.3395055914236295,0.5854274234948219,0.34957627385361045,0.9388818209950831,0.1693973170138423,0.033673620375144216,1
0.7171322033698145,0.0669457695479458,0.0,0.0,0.028322331616010214,8.07979840887788E-4,0.011180094102308313,1.843369381367625E-4,0.9625616108888146,0.9683432564100167,0.9712825872379955,0.9477790567216821,0.5864189628893874,0.3969851889878364,0.41313565741022445,0.9712804731286319,0.09626423389855941,0.04937437431651664,1
0.8964137780362726,0.301255719703512,0.0,0.0,0.0348583400398851,9.049161671573959E-4,0.02360239704032855,3.660043626877023E-4,0.6318095535974289,0.5446419020736166,0.7746704987516692,0.5643038437983179,0.0,1.0,0.0,0.7746679045032034,0.36206241205047707,0.05409633387048668,1
0.36653449970919333,0.07531399074143902,0.0,0.0,0.04793035688763485,0.0021459592354282006,0.031055864635501078,0.0011354565286221382,0.8956902037338625,0.8693175976496174,0.9462462985542587,0.8674993319337736,0.3662553730755399,0.5942223900417051,0.30720344939729965,0.9462429368817982,0.1664851790135104,0.043216377243501546,1
0.7091641005807277,0.376569467182707,0.0,0.0,0.01742935579699968,6.722538022268181E-4,0.013664511773732168,2.3779746021072433E-4,0.940616270667285,0.9236997965535613,0.9757010973697962,0.9197202752120915,0.4218099772232973,0.526382354064225,0.36440679388592234,0.9756988618780731,0.14110797643918951,0.0374759841582144,1
0.406375013654628,0.22175786162757039,0.0,0.0,0.026143785992756675,0.001220243887849605,0.029813548509338667,6.628823735741197E-4,0.758326233026672,0.7037330707949989,0.8365267375021772,0.7279826687504094,0.20164446080865858,0.7010050784249671,0.29661019082888346,0.836525346995381,0.23679751206570834,0.03252629315626539,1
0.6892436959904109,0.16318031327311786,0.0,0.0,0.039215678989135014,0.0013265929819010697,0.021117979368904697,6.871187469190827E-4,0.7490320214842698,0.6915564016047241,0.833580096382744,0.7147305223602026,0.18312768653776995,0.7311553098602903,0.2648304151236349,0.8335797544957535,0.24733736016167934,0.035889378004147716,1
0.3147416839625288,0.12133920730565176,0.0,0.0,0.023965116518131713,0.001002004312262195,0.016149036735606505,5.570150847890197E-4,0.7717539015735718,0.7029204274140701,0.8549352609882134,0.7498052989869309,0.08847593033411531,0.7298994921575033,0.36440679388592234,0.8549324347556992,0.25405187288438064,0.01783905975811914,1
0.2629488682158642,0.2510463925425526,0.0,0.0,0.06535942782648027,0.0015512848579841067,0.033540282306924935,2.1644135152414827E-4,0.8781317745014506,0.8441542121928702,0.9337281542123902,0.851910253490841,0.3148129912832018,0.615577654930145,0.3241524952528824,0.9337270341207349,0.1796727766246934,0.03543304811029138,1
0.3625503006970503,0.1882849768535975,0.0,0.0,0.01742910809425684,5.169431338261891E-5,0.018633454407030358,4.0878683041837703E-4,0.8783906211240415,0.8465895460309253,0.9322533821053243,0.851910253490841,0.3312747247101536,0.6067848096969491,0.32203396942961154,0.9322542378709212,0.17606045243848936,0.03783781128114546,1
0.2629488682158642,0.08786632253167882,0.0,0.0,0.03703700951451005,0.0018549225283665902,0.03975154106638554,9.456400625986887E-4,0.8799383082216159,0.8409088312786178,0.9425651744759913,0.8511304096467724,0.2757201205623962,0.6520112175067776,0.30296597811605,0.9425638116196174,0.19062568910369346,0.03654714040973163,1
0.49402450452152713,0.14644387088613142,1.0,0.0,0.023964992666760297,0.0010674382302296203,0.0484471960391799,5.638996198261397E-4,0.8683198697138667,0.823861494412233,0.9344626371712244,0.8409976386328403,0.23868229068552738,0.6670852725675958,0.31567797232509104,0.9344634322456418,0.20012435124794548,0.03211013416503478,1
0.39840691086554103,0.46025148450784403,1.0,0.0,0.026143785992756675,0.0014717317883438967,0.033540282306924935,6.406832605972843E-4,0.0237543006287816,0.008116827481781741,0.039765139638855036,0.021823929976261553,0.765431430137174,0.1972365646597625,0.5656780772337681,0.039765212208735946,0.8435197541164355,0.002184256705361733,2
0.17529885183031063,0.32636038328399164,0.0,0.0,0.030501001090635176,5.946743774440941E-4,0.01739124557131843,3.419787404153045E-4,0.01600831544775075,8.116048590362211E-4,0.04271061952040877,0.002338231792465899,0.7716042590721491,0.25000042426273744,0.47033916975273027,0.042710804708363435,0.9861122162029449,0.07543633114233331,2
0.06772990703043583,0.31799216209049846,0.0,0.0,0.06100212603264177,0.003425192331691362,0.042235958737809394,0.0012601509132230348,0.020397653123955178,0.008928432340817962,0.037555884572954785,0.013250326754570677,0.7983533985237957,0.20226174465322885,0.5233052527774573,0.03755601783401532,0.8627703275643751,0.05586789957621143,2
0.20318794968011267,0.3807535777794536,0.0,0.0,0.02832245546738163,8.855592656705121E-4,0.018633454407030358,4.0878683041837703E-4,0.020139615397059937,0.004870148415163651,0.041974104395285386,0.011691418910277411,0.7695466494271573,0.2261309783922988,0.5127119942090411,0.041974406583456574,0.8997347021821711,0.04989572905275277,2
0.2111560524691996,0.3347286044774849,0.0,0.0,0.05664478708339185,0.0026889317085479173,0.018633454407030358,1.843369381367625E-4,0.022721610457403563,0.004058283925654282,0.05301979910584683,0.008573603221690906,0.7427977240422654,0.2701009321052341,0.4661016984714806,0.05302009192082432,0.944810324563577,0.0637945723619566,2
0.3147416839625288,0.31799216209049846,0.0,0.499999932327073,0.9564266105075007,1.0,1.0,1.0,0.4701784423904486,0.4293825883496537,0.5235650002903095,0.45284518228070014,0.41152192899833884,0.5012566662282619,0.4173729398558555,0.5235644534607846,0.30628189768643027,0.02016781611321374,2
0.5537853581055349,0.47280379197185946,0.0,0.0,0.039215678989135014,7.756424289920539E-4,0.024844713166490964,7.587741115911478E-4,0.01755762033671631,0.001623209718072471,0.04050136445450852,0.008573603221690906,0.765431430137174,0.23115615838576517,0.5084747327451453,0.04050161033364281,0.9737657513475174,0.04883134463282061,2
0.03187359209714421,0.2887033879132722,0.0,0.0,0.11546836749278008,0.02399982510470186,0.3726705902069139,0.05158315151955387,0.164730529880607,0.1266230799028359,0.20986819950066768,0.15354657383405548,0.5432091603445619,0.38190986113880604,0.4830509541444173,0.20986802140998753,0.5142542448787518,0.018428329329729702,2
0.019919518884719555,0.2928874985100188,0.0,0.499999932327073,0.16121993105441856,0.0152544301495203,0.12795029963004106,0.020563263151586998,0.08701290997530174,0.056006447143909024,0.12518492713232304,0.07638362494294144,0.6255137602109843,0.3266335176047823,0.49152547707220867,0.12518481587181515,0.6281561233327952,0.026388526034212895,2
0.2908370803600689,0.4937243206293681,0.0,0.0,0.008714554047128413,5.17702228002125E-5,0.002484417671423849,2.1356108686576042E-5,0.0036149548636202015,0.0,0.01030976020437787,0.0,0.8641969071635299,0.14447270505678758,0.552966292842081,0.010309573748696295,1.0,0.08090535388542218,2
0.06772990703043583,0.3305444938807383,0.0,0.0,0.041394348463759965,6.528969007399345E-4,0.014906827899894575,1.6031131586436372E-4,0.01962300067947238,0.004058283925654282,0.045656099401962504,0.00701469537739764,0.7674890397821658,0.24748772820031992,0.4788136926805216,0.045656110671755575,0.926146270712894,0.06794575829948186,2
0.2669327719928081,0.38493768837620024,0.0,0.0,0.026143785992756675,0.0010083807033402273,0.024844713166490964,6.94635535173897E-4,0.014975625276372714,8.116048590362211E-4,0.037555884572954785,0.004676463584931769,0.7798346976521159,0.22864367445471634,0.4978814741767292,0.03755601783401532,0.9876535351445725,0.06402750579732595,2
0.23107616182431737,0.3682012459892138,0.0,0.0,0.030501124942006592,0.0014478962312188721,0.022360188204616622,2.564840553114786E-4,0.014200972831889917,8.116048590362211E-4,0.0368193694478314,0.003117815688586533,0.7860075265870909,0.22864367445471634,0.49152547707220867,0.03681961970910842,0.9861122162029449,0.07064790174948614,2
0.2629488682158642,0.5230130948065944,0.0,0.0,0.26361690095630597,0.0064718623525421605,0.05962729014148821,0.0023062700621849135,0.10818494591184116,0.0657464843437632,0.16789467572432212,0.08573655211280495,0.5308635024746117,0.44221138466629617,0.3940678339505461,0.1678947609714725,0.6608143529074777,0.04140926462394255,2
0.8964137780362726,0.4142264625534265,0.0,0.0,0.013071892996378337,1.551588495654482E-4,0.011180094102308313,1.5230277510689844E-4,0.011618977771546291,8.116048590362211E-4,0.029455669743947067,0.003117815688586533,0.8065838371037625,0.20351798661875328,0.5127119942090411,0.02945592499627503,0.9777781819256485,0.06949132655302442,2
0.406375013654628,0.4769878782423817,0.0,0.0,0.03703700951451005,0.0014446321262622601,0.018633454407030358,4.986370376885436E-4,0.012393630216029086,0.003246679066618061,0.025773965046739854,0.00701469537739764,0.8189294949737127,0.18090499484520775,0.5381357728097691,0.025773934371740675,0.9238092856509571,0.05437261720077591,2
0.0,0.2928874985100188,0.0,0.0,0.4771242801448665,0.46676518696945013,0.20621160208890219,0.14813432964263715,0.14872221443285624,0.10227259745749069,0.2025044997967834,0.13639910744272568,0.48559587621803985,0.42211087682379944,0.47457643121662596,0.20250432669715412,0.5952826092392749,0.017150374427492374,2
0.9123505740848448,0.47280379197185946,0.0,0.0,0.010893223521753375,1.8749626146118343E-4,0.006211151469010121,1.0952030737622466E-4,0.004647645034998236,0.0,0.013255530395401506,0.0,0.8559664685835632,0.1545230650437203,0.5444917699142896,0.013255739320794515,1.0,0.08090535388542218,2
0.22709225804737346,0.41004235195667993,0.0,0.0,0.0348583400398851,4.3959143729623945E-4,0.06335399175193933,0.0012102731593826759,0.029950980920846856,0.010551901689363551,0.055965278987400564,0.02104434608014092,0.7345672854622985,0.25000042426273744,0.5084747327451453,0.05596539788421646,0.8644821463889262,0.045805810966714225,2
0.23107616182431737,0.4560673982373218,0.0,0.0,0.08496726732104776,0.0034661150987171613,0.03229807347121301,0.0013488068644153344,0.13297193671200078,0.07711025052263616,0.2194411542704523,0.09508973923061646,0.41975279571181473,0.5854274234948219,0.26694915076425973,0.21944091049754155,0.6812675188629704,0.05554046336991678,2
0.5537853581055349,0.4769878782423817,0.0,0.0,0.026143785992756675,3.8782121449602695E-4,0.05962729014148821,0.002725039468407115,0.02736898586050323,0.011363506548399802,0.051547059165069964,0.017147206443381784,0.7613162108471906,0.23995006427580476,0.4978814741767292,0.05154729567101056,0.8531996008029407,0.05498818570863783,2
0.08764942591515532,0.4937243206293681,0.0,0.0,0.019607777568881796,1.357260386609709E-4,0.00869556914043397,1.0952030737622466E-4,0.0036149548636202015,0.0,0.01030976020437787,0.0,0.8641969071635299,0.14447270505678758,0.552966292842081,0.010309573748696295,0.7777772725929395,0.08090535388542218,2
0.537849152527361,0.14225976028938478,0.0,0.0,0.047930233036263425,0.0026953308724512277,0.04596269253539565,0.0011009636030790164,0.36999778901843206,0.35146047333750824,0.4226812982639493,0.332034373437063,0.6172833216310174,0.4723620403643568,0.2542371565552187,0.4226807757108964,0.25936783190075546,0.08989178710230805,3
0.7529888135383053,0.3933059095696934,0.0,0.0,0.07407404379929439,0.004007539019717927,0.04844714239395465,0.0012102731593826759,0.31887450252914723,0.30113603909827225,0.37334407478371945,0.27825426236650375,0.6419746373709178,0.46859331446778363,0.23516937505901114,0.37334353402331266,0.2959923434185909,0.09912531472023711,3
0.784861224694653,0.48535609943587493,0.0,0.0,0.09586046607252686,0.007653081208805857,0.19130466689855707,0.04294853957585504,0.28401786580959676,0.2775969018814901,0.31958842826452993,0.25253327073786747,0.7407401143972737,0.36306568011438123,0.3114407108611954,0.31958816146889935,0.2490000750199485,0.11538470430747676,3
0.7569727173152492,0.376569467182707,0.0,0.0,0.04357301793838493,0.001360144944478334,0.024844713166490964,8.557898553285211E-4,0.31396881976725377,0.28490212450423563,0.37849851942170354,0.27357779878157196,0.5576124278595037,0.5188444780083411,0.237288110699636,0.3784983208976608,0.3227335450562991,0.08092240484409065,3
0.9641436850667084,0.4560673982373218,0.0,0.0,0.17429182405079688,0.007608689381395938,0.03478259843308735,0.001322814232132331,0.33359182044672614,0.327109990892163,0.37334407478371945,0.29773996055029944,0.7222216275923484,0.3969851889878364,0.2733051478687803,0.37334353402331266,0.24532182421234736,0.11494253537929423,3
0.9123505740848448,0.44351509077330636,0.0,0.0,0.12854026048915843,0.0016212733410072696,0.03229807347121301,6.208726597761837E-4,0.2721407424583958,0.24512951406522127,0.32989781106659694,0.23694481617001012,0.5884765725343791,0.47361849446125,0.2817796707965716,0.3298974773349838,0.33502635928189994,0.07871098220457913,3
0.46613605028445915,0.48117198883912826,0.0,0.0,0.026143785992756675,6.981389136269244E-4,0.04099374990209747,0.0015308395908253875,0.14329991695337527,0.11769464756201793,0.18998606514544505,0.11847231710322326,0.6460898780675767,0.3844225572012236,0.37288131681371367,0.18998584510997263,0.43707849587276615,0.06896852682029099,3
0.8605574631029811,0.5732221787053098,0.0,0.0,0.08060997791234642,0.004453537211859237,0.02360239704032855,3.660043626877023E-4,0.20268553370937997,0.15665557525285412,0.2754057945770191,0.16991445632926463,0.46913499905810624,0.5326635638918469,0.30508471375667484,0.2754056206947931,0.483771366476995,0.0542968993843159,3
0.05179311098186376,0.5648539575118164,1.0,0.0,0.0348583400398851,8.274126517922674E-4,0.024844713166490964,5.343242193095333E-4,0.07384462731478986,0.05844152135149083,0.10382976252685364,0.056897926759145755,0.7489705529772404,0.2814073219263225,0.4406780457611649,0.10382984332198653,0.48786472766622035,0.07821505940669599,3
0.0836667030790079,0.31799216209049846,0.0,0.0,0.07407406856956868,0.002197349911140436,0.026086922002202886,4.4981303921100925E-4,0.44642441139356553,0.40746692048141725,0.5324014399349706,0.39282943983296786,0.43415520695973836,0.6620598804427605,0.12288163153974467,0.5324009444234319,0.30970030667245607,0.07892628668268106,3
0.5139448146365803,0.08786632253167882,0.0,0.0,0.04357301793838493,0.0018272915003617841,0.01863356169748084,6.035208214683408E-4,0.4146660878568579,0.39610341393301746,0.4698095569877489,0.3741233255452928,0.6008224444710839,0.4962314862347955,0.23093211359511548,0.46980882302375954,0.24900121168583467,0.09053741153731443,3
0.6414347840206901,0.6192473952695224,0.0,0.0,0.08496726732104776,0.001676004031093712,0.049689404874891825,0.0010498915931607905,0.182029573226631,0.18425299639529052,0.19587702490855252,0.16523773279638485,0.843620810713613,0.2261309783922988,0.43644076331553383,0.19587703010922763,0.20284621137893485,0.13499128378112812,3
0.5936261672861686,0.6150632846727758,0.0,0.0,0.08496727970618491,0.002850527676725475,0.031055864635501078,3.0193603662797414E-4,0.05886927167031568,0.051136298728745345,0.08100214829007722,0.04286827605640248,0.8127566660387375,0.23743758034475593,0.44915265261589793,0.08100236105857948,0.5030869572136227,0.10887961907580336,3
0.6454189830328331,0.23849430401455685,0.0,0.0,0.0718953990949437,0.0038588704253569033,0.03478259843308735,6.94635535173897E-4,0.3958174699899697,0.37986975896945396,0.45213638738895656,0.35152007162085863,0.627571369855976,0.49748772820031995,0.2012714931651997,0.45213584109846533,0.2650534346633082,0.10130725943120314,3
0.7410365117370754,0.2887033879132722,0.0,0.0,0.05228757198551335,0.0012410430682708049,0.029813655799789153,5.129681106229572E-4,0.28246869573658046,0.27597369216341766,0.3159065493816408,0.25331269866521927,0.7407401143972737,0.3517591630144716,0.3305084923574029,0.3159062854588591,0.24473030328519174,0.10901891673814582,3
0.5537853581055349,0.2594146137360459,0.0,0.0,0.06753804776055665,0.0014446321262622601,0.01739124557131843,7.240001846179392E-4,0.32274749511966266,0.3336033490253991,0.3387342507112582,0.2954014688098855,0.8580240782285549,0.2726134160362829,0.34322027674908995,0.33873396829763097,0.17615593237292643,0.15740924843998177,3
0.9362557681577028,0.44351509077330636,0.0,0.0,0.030501124942006592,7.045153047049566E-4,0.028571339673626742,5.358697271750088E-4,0.3199074623324238,0.2889606680603631,0.3873352493758346,0.27825426236650375,0.5411515506995701,0.5351762599542645,0.22669485213121982,0.38733481186030794,0.3304774224055033,0.07996292716986453,3
0.4422316238231187,0.3305444938807383,0.0,0.0,0.28976068694906265,0.012121451120863278,0.028571339673626742,6.346417298504237E-4,0.45442843430149166,0.421265760867872,0.5287197352377634,0.40763867443183177,0.47530782799308136,0.604271052977688,0.1779649814836185,0.5287189537988974,0.278346060202372,0.07823326636256234,3
0.7808770256825099,0.46025148450784403,0.0,0.0,0.8496729209132206,0.030301673134655108,0.021117979368904697,6.52625821375961E-4,0.2860834888210615,0.27353861795583584,0.32768855600069674,0.2540921005977763,0.6934150925624647,0.3944727050567876,0.30720344939729965,0.3276882829602632,0.2805782446696053,0.0992264644750501,3
0.5577695571176778,0.025104663580479657,1.0,1.0,0.14596949243478669,0.0077649792812835615,0.11180115560398407,0.001672787463233597,0.3108704796212211,0.294642421334563,0.35788016025082736,0.2766953545222105,0.6563779262925351,0.4283922987827902,0.28813545808373814,0.3578797464727389,0.2681865405119088,0.09283062097857475,3
0.3107574849503858,0.07112988014469239,0.0,0.0,0.16775581562692202,0.00656530684560237,0.018633454407030358,4.748221664887109E-4,0.435063740980813,0.39042166065881756,0.5243015154154328,0.38347651266310434,0.395060195571387,0.6758802391144788,0.1398306773953274,0.5243008515856915,0.324556302471339,0.0716180723977925,3
0.669323291400094,0.3807535777794536,0.0,0.0,0.039215678989135014,6.205594888442003E-4,0.019875770533192772,2.1377183793832652E-4,0.40588741250444893,0.39042166065881756,0.46170934215874115,0.3616525826868428,0.627571369855976,0.49748772820031995,0.2012714931651997,0.4617087301860193,0.25976066363101097,0.10107085800424019,3
0.8247011481696895,0.225941972224317,0.0,0.0,0.05446611760876689,0.002158484289331478,0.5913038514911334,0.018420978498964825,0.39530112490428065,0.3847396477541445,0.42709951808627994,0.371785093752827,0.6687236269758361,0.3718597132832421,0.37076279099044285,0.4270991644603377,0.19713105530334205,0.10380854836807875,3
0.7490046145261623,0.5439334045280835,0.0,0.0,0.0,0.0,0.0,0.0,0.0,0.0,0.0,0.0,0.8930030140599043,0.10929644510252311,0.5826273329067048,0.0,0.0,0.4690525100167157,4
0.8326695461939755,0.5941427316890427,0.0,0.0,0.0,0.0,0.0,0.0,0.0,0.0,0.0,0.0,0.8930030140599043,0.10929644510252311,0.5826273329067048,0.0,0.0,0.4690525100167157,4
0.9083678512486973,0.38912179897294685,0.0,0.0,0.019607777568881796,9.559272957816535E-4,0.06335399175193933,0.0014724264185461504,0.1378778891057928,0.1193178572800904,0.17304941067177612,0.11847231710322326,0.7016455311424316,0.32412097003432283,0.4173729398558555,0.17304926130958526,0.37553281213413564,0.07048201615159284,4
0.8964137780362726,0.5020925418228613,0.0,0.0,0.0,0.0,0.0,0.0,0.0,0.0,0.0,0.0,0.8930030140599043,0.10929644510252311,0.5826273329067048,0.0,0.0,0.4690525100167157,4
0.7768931219055661,0.3514648036022273,0.0,0.0,0.06753807253083094,0.0019613475318356506,0.029813655799789153,9.124116434909566E-4,0.05318893646393944,0.049512829380199755,0.07142919352029264,0.03741222857535007,0.8456784203586046,0.2160808305367348,0.45127117843916875,0.07142947197102546,0.51256629603781,0.1448684128389673,4
0.16733045380602463,0.5899586210922962,0.0,0.0,0.07625267735702164,0.002979801414890817,0.027329130837914817,5.984627957267831E-4,0.010586287600168255,0.007304962992272343,0.019146490158508972,0.004676463584931769,0.8641969071635299,0.1557793070092447,0.5338985113458734,0.019146637783814147,0.6486777165746347,0.11077169748940528,4
0.2111560524691996,0.5104607630163546,0.0,0.0,0.06100212603264177,0.0017581380209321738,0.011180094102308313,2.4847551455401236E-4,0.03743865874308396,0.026785556652927034,0.05964727399407768,0.02416216176872745,0.7983533985237957,0.23241240035128957,0.4724576955760011,0.05964738850875085,0.6304717390760725,0.08950337204382616,4
0.6215146746655724,0.30962394089700523,0.0,0.0,0.047930233036263425,0.0021663029593438276,0.004968942633298191,1.2420263209824483E-4,0.13193924654062275,0.106330881383145,0.1782038553097602,0.1075604820890665,0.6502050973575599,0.37939737720775724,0.37711857827760936,0.17820404818393337,0.4590250134694907,0.06857779976741336,4
0.3784865062752242,0.34728069300548076,0.0,0.0,0.02832245546738163,4.977380511744863E-4,0.009937885266596383,3.0994457738544044E-4,0.14097622925182543,0.11688278307250857,0.19072228996109852,0.11145762172582564,0.6584355359375268,0.3994978850502539,0.33474575382129856,0.1907222432348795,0.4515462066049381,0.08266622661706668,4
0.6015942700752555,0.6025109528825361,0.0,0.0,0.019607777568881796,0.001066527317218473,0.240994093231539,0.09507634211727412,0.05086497913049105,0.03896092769083617,0.07290193346106952,0.03897113641964334,0.7839499169420993,0.23492488428233838,0.4830509541444173,0.07290226822083921,0.5000004546663545,0.07698161039657639,4
0.8247011481696895,0.09623454372517204,0.0,0.0,0.06753808491596808,0.0030209443192276433,0.009937885266596383,3.620000923089701E-4,0.10069726808960407,0.0787334602407086,0.13917581141496838,0.08106008852787318,0.6892996592057267,0.33165863395883804,0.4173729398558555,0.13917609370881043,0.479958534428473,0.0683052734280172,4
0.4860563663042163,0.5899586210922962,0.0,0.0,0.0,0.0,0.0,0.0,0.0,0.0,0.0,0.0,0.8930030140599043,0.10929644510252311,0.5826273329067048,0.0,0.0,0.4690525100167157,4
0.7290842099358454,0.5606698469150699,0.0,0.0,0.02832245546738163,0.0010674382302296203,0.004968942633298191,1.9634974927296094E-4,0.0038729925905154404,0.00243507420758184,0.008100795447947522,7.793239481726325E-4,0.8806577843234634,0.13190986113880604,0.5572035543059767,0.008100379373975638,0.527778295592237,0.11305045696569231,4
0.8924310552001252,0.19665319804709072,0.0,0.0,0.013071892996378337,7.358658941719488E-4,0.009937885266596383,2.4833501383896895E-4,0.05809461922583288,0.04058439703938179,0.09352058294141555,0.03741222857535007,0.7386825047522819,0.30527676779676116,0.4110170056965412,0.09352055610952564,0.6222227274070605,0.08569262728107147,4
0.22709225804737346,0.42677879434366633,0.0,0.0,0.1350761450616619,0.002134800551041644,0.016149036735606505,2.8107168044405004E-4,0.14536556692802985,0.12337640083621784,0.18851332520466818,0.12081080884363717,0.6728388462658196,0.36683453328977567,0.37500005245433854,0.18851333539639425,0.414807710232039,0.07510513794514562,4
0.6334666812316032,0.12552331790239835,0.0,0.0,0.03267967056526013,0.001413053808542482,0.004968942633298191,1.2420263209824483E-4,0.004905952393791985,0.004058283925654282,0.008100795447947522,0.002338231792465899,0.8847721473464286,0.1268842568826023,0.5614408157698724,0.008100379373975638,0.5370373485676873,0.12710246990361296,4
0.6334666812316032,0.4142264625534265,0.0,0.0,0.03267967056526013,0.0012063524644296063,0.009937885266596383,1.9634974927296094E-4,0.22050119177299152,0.1988634416407815,0.2606781629216745,0.19875308168292383,0.6481474877125684,0.37060325918634895,0.3940678339505461,0.2606780593473851,0.30744470688796793,0.06369833559523452,4
0.7370523127249323,0.004184110596746636,0.0,0.0,0.01742910809425684,4.750411353133961E-4,0.052173865462495875,0.0014184319937550246,0.04363560866704776,0.028409026001472625,0.07511118852696977,0.024941485716900056,0.7613162108471906,0.2814073219263225,0.42796617744253634,0.07511117605932446,0.6873009413866868,0.08765435452584462,4
0.5617534608946217,0.4184105731501731,0.0,0.0,0.04357301793838493,7.948475116437461E-4,0.012422302938020238,2.4833501383896895E-4,0.20036157637593158,0.17938284798012685,0.23785054868489808,0.1808262913434214,0.660493166989194,0.3517591630144716,0.41313565741022445,0.23785029054774268,0.31548434470074993,0.06083955452491983,4
1.0,0.5271972054033409,0.0,0.0,0.0348583400398851,9.500063612091944E-4,0.013664511773732168,5.138111149132166E-4,0.005163990120687254,0.00243507420758184,0.01178279045462464,7.793239481726325E-4,0.870369736098505,0.14447270505678758,0.5466102957375605,0.011782943070980786,0.749999431667057,0.09698960989718561,4
0.8167327501454033,0.20920552983733057,0.0,0.0,0.021786447043506758,7.045153047049566E-4,0.011180094102308313,3.3144118678705986E-4,0.049315943873424,0.03409077927567252,0.08100214829007722,0.03039753319795246,0.759258601202199,0.28392001798874006,0.4258475257288531,0.08100236105857948,0.6458915211544888,0.0893707213653714,4
0.3545821979079634,0.5146448736131012,0.0,0.0,0.015250562471003292,3.2337411895735204E-5,0.021117979368904697,1.0952030737622466E-4,0.014717317917578935,0.007304962992272343,0.030928409684723934,0.004676463584931769,0.8312751528436628,0.1959803226942381,0.500000209817354,0.03092872124608879,0.8814821213822766,0.0959633733847829,4
0.01195407321242472,0.7447692535984568,0.0,0.0,0.08061000268262071,0.006780472089777157,0.26211207260044367,0.0826616989360513,0.18435353056007941,0.17126602049834513,0.21870463914532892,0.16056126921145308,0.7263368468823318,0.33165863395883804,0.37923731391823423,0.2187045123726347,0.27147309625514054,0.07968086385358601,5
0.529881049738274,0.7364010324049636,0.0,0.0,0.0740740190290201,0.0026446309724391126,0.04720490137110758,0.001287408051941428,0.41389143541237505,0.3847396477541445,0.4911644312837484,0.36009367484254956,0.5205754542496532,0.609296445102523,0.12288163153974467,0.49116379557358825,0.3074583468786018,0.09219453352045075,5
1.0,0.7949785807594162,0.0,0.0,0.18082783247467177,0.009590135449728381,0.1242235658324548,0.004180324799717987,0.2809194717371844,0.26136327288097394,0.324743076119143,0.25331269866521927,0.6419746373709178,0.40452285291235157,0.34322027674908995,0.3247428050751298,0.27536867758017475,0.0658140994666229,5
0.8685258611272672,0.6903770321519709,0.0,0.499999932327073,0.08278864738697138,0.0032424707725969434,0.11428568056585842,0.002049673606301401,0.4203464230632341,0.38960979616930813,0.5014736108691865,0.36399081447930864,0.5061721867347114,0.6306538313046504,0.1016942751334963,0.5014730827860492,0.3144629367354501,0.09271935624828045,5
0.8127500273092558,0.7489533641952034,0.0,0.0,0.05010890251088839,0.0017419693149843061,0.03602480726879927,8.106891257996332E-4,0.3449524908594786,0.327109990892163,0.4020626487836033,0.3016368402391105,0.6316865891459592,0.48869382231028036,0.21186517136832392,0.40206220128597464,0.29078891432494547,0.10069747090933051,5
0.8007989064488226,0.7615056959854433,0.0,0.0,0.04357301793838493,0.0013094374535244592,0.07577634833518482,0.0017955780631456583,0.2907311338560597,0.27678529702245386,0.33578877082970443,0.2564304103746266,0.6810693062524618,0.41331697093375985,0.28813545808373814,0.3357883757980034,0.2783872075074509,0.09969695533458026,5
0.8844626571758393,0.6276153732007718,0.0,0.0,0.054466241460138315,0.005306736292808736,0.20124190842245057,0.022377267883510576,0.2930548215576096,0.26298663837733033,0.3460979504151425,0.2657834935132589,0.5576124278595037,0.45477422858427763,0.34533901238971476,0.3460976630104643,0.3084170108869858,0.046082383296302896,5
0.4143431164437149,0.7615056959854433,0.0,0.0,0.12636159101453345,0.0033249235819893066,0.06459623277478639,0.0015705872431111272,0.4190554255330623,0.38798658645123574,0.4977919061719793,0.36554972232360194,0.5041145770897196,0.6180914116494063,0.12500078681507748,0.4977913786977501,0.3084658875200906,0.08954701093804547,5
0.30278938216129886,0.7280328112114705,0.0,0.0,0.11546836749278008,0.01337347069091841,0.1391303937323494,0.02316807615813159,0.22695617942385057,0.21347362725579938,0.2628873889566277,0.20187063742356232,0.7078183600774065,0.3505028786226735,0.36652552952654716,0.2628872537221057,0.2703609823521254,0.08259599978729652,5
0.3466140951188765,0.7071134745389572,0.0,0.0,0.05882345655801681,0.0016350888550096727,0.0857142336017812,0.0020837028794848792,0.3514074785103377,0.33035666995878105,0.41310834349416475,0.3063135637719903,0.6049376637610672,0.5138195101462434,0.19703318261453406,0.41310788662334247,0.3009188807023686,0.0967832643973671,5
0.8486063422425476,0.6276153732007718,0.0,0.0,0.14596936858341525,0.001273380480166539,0.2571423789339921,0.013649194864164963,0.2819522697613218,0.2581165418882613,0.3291612959414736,0.25487158051471775,0.6090528830510507,0.42211087682379944,0.34745753821298564,0.3291610792100769,0.29805675600102755,0.06153055184994232,5
0.7490046145261623,0.7364010324049636,0.0,0.0,0.047930233036263425,0.001751685720436546,0.06832293438523751,0.0017232904452558987,0.3382394654817244,0.3222398424769993,0.3969082041456192,0.2915045891210744,0.6481474877125684,0.49497524426927114,0.18432244730961703,0.3969077009478619,0.30575516671478553,0.10813428988248133,5
0.4900404413175756,0.75313747479195,0.0,0.0,0.13725481453628685,0.0047794694781895545,0.07329193066376095,0.002019838279461964,0.4164734304727187,0.3863631171026901,0.495582651106079,0.3616525826868428,0.5123450156696865,0.6193472293521933,0.11440710861195333,0.49558218432302953,0.3136115739867192,0.09182374741923624,5
0.7211161071467584,0.732216921808217,1.0,0.0,0.1437906991087903,0.003567158124478692,0.039751433775935055,8.954110569707213E-4,0.33772312039603536,0.3198047682694175,0.3969082041456192,0.29228391306924706,0.633744198790951,0.49748772820031995,0.19491612551274118,0.3969077009478619,0.3045225662278378,0.10339267837614761,5
0.5976100710631125,0.6359835943942649,0.0,0.0,0.08060997791234642,0.003988144163522246,0.40621065793293787,0.030287879642591473,0.27885390265209936,0.2524347107249194,0.3181156883237531,0.2626657818038516,0.5905341821793708,0.38065361917328167,0.43644076331553383,0.31885179199761604,0.26384720482491936,0.0024946419529878984,5
0.541833351539504,0.7154804794212305,0.0,0.0,0.07189538670980657,0.00672876259451102,0.080745290968483,0.0066496178415675995,0.2434807860309106,0.22970746396069405,0.28424232131452126,0.21356205633383973,0.6995879214974398,0.37939737720775724,0.32627123089350724,0.28424211165744023,0.28575666711375525,0.09819069098576505,5
0.01195407321242472,0.7949785807594162,0.0,1.0,0.10675368959428023,0.0029299592912975314,0.11677009823728227,0.002253863295473776,0.3743871266946365,0.3441552507147627,0.4455089125007258,0.32813749374825185,0.5267482831846283,0.5678396117147427,0.1864395044114099,0.44550854451053884,0.3088598559162323,0.08445773327445455,5
0.9322730453215554,0.774058027775683,0.0,0.0,0.06535942782648027,0.002327003196393756,0.04968939414584677,8.283219655375629E-4,0.3294607901293155,0.3051943230239265,0.3880714741914881,0.29072500522495376,0.5884765725343791,0.4924627603382223,0.24999989509132303,0.38807120998521477,0.29423846795625197,0.08457102099984509,5
0.992031601975714,0.6903770321519709,0.0,0.499999932327073,0.06318082027754102,0.0018549225283665902,0.07701855717089674,0.0012229182237365698,0.3741290889677412,0.3441552507147627,0.44845439238227947,0.3242403541114927,0.52880589282962,0.584171605792035,0.15677972325091014,0.44845413701016634,0.31813777754539274,0.08871440395628481,5
0.7051799015685847,0.7280328112114705,0.0,0.0,0.10239647449640174,0.0031525105218043734,0.0695651968661747,0.001642558734392039,0.341854150713446,0.32142823761796313,0.4020626487836033,0.29773996055029944,0.613168102341034,0.5037691501593107,0.20550770554232545,0.40206220128597464,0.30003682797471143,0.09725288825899886,5
0.9083678512486973,0.7698739171789365,0.0,0.0,0.1633986005290435,0.0039754596998420174,0.0919253850707913,0.0016213009762059932,0.3325591302753481,0.31006447143909016,0.3902807292573884,0.2930632370174196,0.6008224444710839,0.48869382231028036,0.2436438979868025,0.3902804043599354,0.2902787786752386,0.08863175015663761,5
0.46613605028445915,0.7071134745389572,0.0,0.0,0.07625268478810393,0.0025864008582015116,0.0695651968661747,7.85328746734324E-4,0.33849777284051813,0.3222398424769993,0.3910169540730418,0.29851928449847204,0.6460898780675767,0.4635681344743172,0.23940663652290686,0.3910168024848422,0.2788227778750259,0.09913282870202322,5
0.3386459923297896,0.7615056959854433,0.0,0.0,0.12854026048915843,0.002883381272660859,0.04968939414584677,0.001305251642751923,0.428092408244265,0.39204487037689,0.5073648609417639,0.37879978913022455,0.46296217012313123,0.6231168037742413,0.15889887852624296,0.5073642677853042,0.2995794336221222,0.07812922661475467,5
0.8087643521211173,0.6066950634792826,0.0,0.0,0.019607777568881796,4.867311856231208E-4,0.044720483699683726,4.023237975263863E-4,0.165246874966296,0.1266230799028359,0.1686311908494455,0.19875308168292383,0.5390939410545785,0.1683421509272262,0.8474585872997557,0.18777693727148737,0.3890345841962522,1.0,6
0.27888507379403804,0.7071134745389572,1.0,0.0,0.047930233036263425,9.824955919401199E-4,0.06708070409143549,0.0013464886026171212,0.15569354716940434,0.13392830252558138,0.142121581605992,0.19095880240940555,0.6707812366208279,0.07914621366719982,0.8622884778800054,0.1804129560224186,0.3273831905302092,0.923811114681858,6
0.35059829413101956,0.8786607926943484,0.0,0.0,0.054466241460138315,0.00259198020039479,0.03229807347121301,0.0011434650693796045,0.09811527302926047,0.07792185538167237,0.0824748882308541,0.1340608756502598,0.7037031407874231,0.05402137435671165,0.8707630008077969,0.1266576121216289,0.44601200773842137,0.8984947760486628,6
0.027887916909005623,0.7866103595659228,0.0,0.0,0.06535945259675453,0.001376693197514179,0.031055864635501078,5.138111149132166E-4,0.1045702606801195,0.09740244904232703,0.07805666840852349,0.1395169231313122,0.8004110081687874,0.0,0.8622884778800054,0.13181211245974167,0.40888508989890493,0.8221556110947987,6
0.7928305084245365,1.0,0.0,0.0,0.0893245815000234,0.002479520398226878,0.03229807347121301,7.398065150603067E-4,0.06429129951789818,0.047889360031654137,0.04860157928351623,0.09664864707490972,0.7448553336872571,0.045226407809828485,0.8432202767490898,0.09131164827104037,0.5633907198050391,0.8754615318812468,6
0.6454189830328331,0.6485359261845047,0.0,0.0,0.06971671723518161,0.001913296870497623,0.05465835823723507,7.587741115911478E-4,0.11825488842632041,0.09009722641958155,0.10824798234918424,0.15588480562652135,0.6358018084359427,0.08793905890039583,0.8834758342862538,0.14727618654655067,0.44621410693297986,0.9353017268286142,6
0.7370523127249323,0.677824700361731,0.0,0.0,0.05664478708339185,0.0014478962312188721,0.04720490137110758,0.0014319903127566994,0.11954561632459368,0.09902565876039951,0.10309353771120015,0.15666412957469397,0.6934150925624647,0.05527719205949862,0.8792375237355883,0.1480125846714576,0.3964338244487739,0.9013703190783465,6
0.003985675188138651,0.979079447016267,0.0,0.0,0.0740740190290201,0.003774838700078551,0.07080740570188662,0.002364374132891056,0.04466829883842579,0.04545428582407233,0.039765139638855036,0.04910364748562748,0.882714965834946,0.09547820774449203,0.6165256344352242,0.0478653050464762,0.19105080214511586,0.7946053078767338,6
0.24302846362554734,0.8870290138878416,0.0,0.0,0.09803913554715182,0.009986485724930383,0.0372670161045112,0.0017632699237214587,0.04647564145428662,0.03571424862421811,0.030928409684723934,0.07326580925435493,0.7942381792338123,0.04145683338778038,0.7987285068348002,0.06922027759630484,0.5931502240368461,0.8483389476263911,6
0.960160962230561,0.7196645900179771,0.0,0.0,0.05882345655801681,0.0016350888550096727,0.04844716385204475,0.0012971026012794133,0.10715225574046314,0.09253230062716336,0.0824748882308541,0.14731120240483048,0.7427977240422654,0.010050784249670132,0.9046610925189622,0.13917609370881043,0.4202445422987476,0.8537663544703566,6
0.22310805903523045,0.6945611427487175,0.0,0.0,0.03703700951451005,9.631386904532373E-4,0.03229807347121301,0.0012396378088267183,0.13658689157562098,0.1152595733544361,0.12223915694129942,0.17225268812173053,0.6810693062524618,0.07035124712031665,0.8665267884306712,0.16273997409712437,0.35899091349290607,0.9162942429027551,6
0.24701236740249125,0.8744766820976017,0.0,0.0,0.11982570644202999,0.026637070090808918,0.08198749980419494,0.004392115577574202,0.05706192905445485,0.047889360031654137,0.04271061952040877,0.08106008852787318,0.8024686178137791,0.05025179993466355,0.7754240933267591,0.07658397230913823,0.4867178317870889,0.8569684667084368,6
0.46215202841343556,0.8912131244845882,0.0,0.0,0.11982558259065858,0.0044671553613758914,0.06832293438523751,0.0021795384172158894,0.14123426697872063,0.11282449914685427,0.11782093711896882,0.19329703420187141,0.6255137602109843,0.025126960624175326,1.0,0.18262215039713925,0.4415167214918512,0.8960729619191403,6
0.9203189721091307,0.6861929215552242,0.0,0.0,0.045751563561638474,0.0010883133200684158,0.06335399175193933,0.0015638221336817936,0.10715225574046314,0.09090883127861776,0.08983858793473842,0.14107557102765744,0.7304520661723152,0.04773804321540246,0.8538139549522141,0.13328490870955545,0.38741278930988465,0.8845910197513682,6
0.24701236740249125,0.7949785807594162,0.0,0.0,0.05664478708339185,0.0016030550807843204,0.021117979368904697,3.981087760750881E-4,0.054221626635317474,0.04545428582407233,0.0368193694478314,0.08106008852787318,0.8065838371037625,0.03391980585737134,0.7987285068348002,0.07658397230913823,0.543201715001489,0.8365535561941799,6
0.36653449970919333,0.9414224516455475,1.0,0.0,0.06971672962031876,0.004705617205810775,0.044720483699683726,6.73279426487321E-4,0.08727094770219697,0.06980502789989064,0.07142919352029264,0.12081080884363717,0.7283944565273235,0.05025179993466355,0.8516947996768812,0.11413913053444741,0.44724710889031855,0.8892236785218033,6
0.28286897757098195,0.75313747479195,1.0,0.0,0.05010890251088839,8.855592656705121E-4,0.0695651968661747,0.003323481189026641,0.10586125821029133,0.08847375707103593,0.09867531788886953,0.13016373601350067,0.7222216275923484,0.09924566085285298,0.7754240933267591,0.12297562149709453,0.3503704394122983,0.9407695935745051,6
0.20318794968011267,0.6652723685714912,0.0,0.0,0.021786447043506758,7.948475116437461E-4,0.021117979368904697,2.8107168044405004E-4,0.17738219782353132,0.1469152784225268,0.16789467572432212,0.21667979403804186,0.5967072251811005,0.10552899199416216,0.894067414315838,0.20471352107187477,0.3491121502763235,0.9516446372133993,6
0.9243046472972695,0.7238487006147237,0.0,0.0,0.019607777568881796,1.357260386609709E-4,0.01739124557131843,5.664286326969191E-4,0.08262330266719874,0.07142849724843625,0.06553823375718518,0.11145762172582564,0.7777770880071242,0.0427147724042545,0.8135604955885902,0.10530263957180028,0.4055560683181664,0.863546090764276,6
0.7370523127249323,0.8661084609041085,0.0,0.0,0.045751563561638474,0.0012992655915666463,0.026086922002202886,4.728551564781052E-4,0.09553327796891685,0.07792185538167237,0.08394762817163096,0.12470768853244826,0.7242792372373401,0.07412082154236475,0.8156775526903831,0.11782112115898179,0.4013473355414962,0.910626966640233,6
0.8247011481696895,0.958158894032534,1.0,0.0,0.041394348463759965,0.0015060428450971168,0.05465833677914497,0.0036120134574394885,0.09863161811494948,0.07954532473021797,0.0861568832375312,0.13016373601350067,0.71193357936739,0.07035124712031665,0.8347457538212986,0.12297562149709453,0.4216214743465876,0.9124447722338722,6
0.8844626571758393,0.7280328112114705,0.0,0.0,0.019607777568881796,6.101598986336004E-4,0.053416095756297896,0.001500941038664181,0.09036928784822959,0.08441547314538164,0.0648017186320618,0.12314904063610303,0.8148142756837293,0.0012558177027869662,0.8453394320244227,0.11634832490916804,0.4454185317459415,0.8098413509445653,6
