@relation teaching
@attribute f1 real [-2.04427, 0.485933]
@attribute f2 real [-1.85215, 1.66393]
@attribute f3 real [-1.01168, 2.54759]
@attribute f4 real [-2.35125, 0.42249]
@attribute f5 real [-1.92865, 2.95743]
@attribute clase integer [0, 2]
@inputs f1, f2, f3, f4, f5
@outputs clase
@data
0.0,0.9166657186412142,0.07999983142610702,0.0,0.2539684163992403,2
0.0,0.9166657186412142,0.07999983142610702,1.0,0.7301599646342262,2
1.0,0.24999943118472845,0.3999997190435117,1.0,0.8253978649551379,2
1.0,0.3333328593206071,0.15999966285221406,1.0,0.2539684163992403,2
1.0,0.37499943118472845,0.07999983142610702,1.0,0.38095272693038185,2
0.0,0.8750000000000001,0.07999983142610702,0.0,0.8730168151155937,2
1.0,0.5833328593206071,0.07999983142610702,0.0,0.2698414680070732,2
1.0,0.4999995733885464,0.0,1.0,0.4285717794223591,2
1.0,0.20833143728242817,0.6399992133218328,1.0,0.571429039229812,2
1.0,0.20833143728242817,0.6399992133218328,1.0,0.6190483987163535,1
1.0,0.20833143728242817,0.6399992133218328,1.0,0.6349220643133145,1
1.0,0.24999943118472845,0.3999997190435117,1.0,0.1111115659178728,1
1.0,0.8750000000000001,0.07999983142610702,1.0,0.6825410144737705,1
1.0,0.4999995733885464,0.07999983142610702,0.0,0.1111115659178728,1
1.0,0.24999943118472845,0.9600002247651908,1.0,0.6190483987163535,1
1.0,1.0,0.23999977523480936,1.0,0.38095272693038185,1
1.0,0.041665718641214045,0.3199996066609164,1.0,0.44444483103019194,1
1.0,0.5833328593206071,0.4799995504696188,1.0,0.5396831406771891,1
1.0,0.24999943118472845,0.3999997190435117,1.0,0.1587305160783286,1
1.0,0.2916660030488499,0.07999983142610702,1.0,0.3333336744384046,1
1.0,0.8750000000000001,0.07999983142610702,1.0,0.39682575807191045,0
1.0,0.41666628745648565,0.0,1.0,0.7619052491977208,0
1.0,0.7083331437282429,0.15999966285221406,1.0,0.2539684163992403,0
1.0,0.4999995733885464,0.0,1.0,0.44444483103019194,0
0.0,0.4999995733885464,0.07999983142610702,0.0,0.1587305160783286,0
1.0,0.16666571864121407,0.039999775234809354,1.0,0.5396831406771891,0
1.0,0.12500000000000003,0.5999994380870235,1.0,0.285714519614906,0
1.0,0.16666571864121407,0.039999775234809354,1.0,0.714286299037265,0
1.0,0.5416662874564857,0.559999662852214,1.0,0.5555559876219791,0
0.0,0.9166657186412142,0.07999983142610702,0.0,0.2539684163992403,2
1.0,0.5833328593206071,0.07999983142610702,0.0,0.22222231318357458,2
0.0,0.9166657186412142,0.07999983142610702,1.0,0.7301599646342262,2
1.0,0.24999943118472845,0.3999997190435117,1.0,0.8253978649551379,2
1.0,0.3333328593206071,0.15999966285221406,1.0,0.2539684163992403,2
1.0,0.37499943118472845,0.07999983142610702,1.0,0.38095272693038185,2
0.0,0.8750000000000001,0.07999983142610702,1.0,0.8730168151155937,2
1.0,0.5833328593206071,0.07999983142610702,0.0,0.2698414680070732,2
1.0,0.37499943118472845,0.8400008990607626,1.0,0.09523790032091163,2
1.0,0.4999995733885464,0.0,1.0,0.4285717794223591,2
1.0,0.7083331437282429,0.7999983142610705,1.0,0.412698789213439,2
1.0,0.20833143728242817,0.6399992133218328,1.0,0.6349220643133145,1
1.0,0.24999943118472845,0.3999997190435117,1.0,0.1111115659178728,1
1.0,0.8750000000000001,0.07999983142610702,1.0,0.6825410144737705,1
1.0,0.4999995733885464,0.07999983142610702,0.0,0.1111115659178728,1
1.0,0.24999943118472845,0.9600002247651908,1.0,0.6190483987163535,1
1.0,1.0,0.23999977523480936,1.0,0.31746062283057175,1
1.0,0.041665718641214045,0.3199996066609164,1.0,0.44444483103019194,1
1.0,0.0,0.559999662852214,0.0,0.3015875712227389,1
1.0,0.5833328593206071,0.4799995504696188,1.0,0.5396831406771891,1
1.0,0.2916660030488499,0.07999983142610702,1.0,0.3333336744384046,1
1.0,0.833334281358786,0.039999775234809354,1.0,0.6190483987163535,0
1.0,0.8750000000000001,0.07999983142610702,1.0,0.39682575807191045,0
1.0,0.7083331437282429,0.15999966285221406,1.0,0.2539684163992403,0
1.0,0.4999995733885464,0.0,1.0,0.44444483103019194,0
0.0,0.4999995733885464,0.07999983142610702,0.0,0.1587305160783286,0
1.0,0.16666571864121407,0.039999775234809354,1.0,0.5396831406771891,0
1.0,0.6249997155923642,0.27999966285221406,1.0,0.5238100890693562,0
1.0,0.12500000000000003,0.5999994380870235,1.0,0.285714519614906,0
1.0,0.5416662874564857,0.559999662852214,1.0,0.5555559876219791,0
0.0,0.9166657186412142,0.07999983142610702,0.0,0.3492067260462375,2
0.0,0.4999995733885464,0.07999983142610702,0.0,0.22222231318357458,2
1.0,0.3333328593206071,0.039999775234809354,1.0,0.571429039229812,2
1.0,0.4999995733885464,0.07999983142610702,0.0,0.12698523151483398,2
1.0,0.7083331437282429,0.7999983142610705,1.0,0.2539684163992403,2
0.0,0.8750000000000001,0.07999983142610702,1.0,0.6666673488768092,2
1.0,0.24999943118472845,0.3999997190435117,0.0,0.2698414680070732,2
1.0,0.9166657186412142,0.07999983142610702,0.0,0.2698414680070732,2
0.0,0.9166657186412142,0.07999983142610702,0.0,0.2698414680070732,2
1.0,0.5416662874564857,0.8400008990607626,1.0,0.22222231318357458,2
1.0,0.3333328593206071,0.15999966285221406,1.0,0.3333336744384046,2
0.0,0.6666662874564857,0.6399992133218328,1.0,0.44444483103019194,2
1.0,0.0,0.559999662852214,1.0,0.44444483103019194,2
1.0,0.0,0.27999966285221406,1.0,0.23809536479140742,1
0.0,0.41666628745648565,0.5999994380870235,1.0,0.3015875712227389,1
1.0,0.3333328593206071,0.039999775234809354,1.0,0.1746041816752898,1
1.0,0.4999995733885464,0.0,1.0,0.2698414680070732,1
0.0,0.20833143728242817,0.6399992133218328,1.0,0.5079370374615234,1
1.0,0.9166657186412142,0.07999983142610702,0.0,0.2698414680070732,1
0.0,0.9166657186412142,0.07999983142610702,0.0,0.2698414680070732,1
1.0,0.20833143728242817,0.6399992133218328,1.0,0.5396831406771891,1
1.0,0.7916665718641215,0.039999775234809354,1.0,0.3492067260462375,1
1.0,0.9166657186412142,0.07999983142610702,1.0,0.1111115659178728,1
1.0,0.7916665718641215,0.039999775234809354,1.0,0.1746041816752898,0
0.0,0.9166657186412142,0.07999983142610702,1.0,0.5555559876219791,0
1.0,0.4999995733885464,0.0,1.0,0.412698789213439,0
1.0,0.37499943118472845,0.07999983142610702,1.0,0.2539684163992403,0
1.0,0.2916660030488499,0.07999983142610702,1.0,0.38095272693038185,0
1.0,0.4583328593206071,0.23999977523480936,1.0,0.4920639858536905,0
1.0,0.9166657186412142,0.07999983142610702,1.0,0.14285685048136748,0
1.0,0.041665718641214045,0.3199996066609164,1.0,0.412698789213439,0
1.0,0.3333328593206071,0.19999971904351171,1.0,0.06349261575741699,2
0.0,0.37499943118472845,0.07999983142610702,1.0,0.285714519614906,2
1.0,0.5416662874564857,0.559999662852214,1.0,0.5238100890693562,2
0.0,0.4999995733885464,0.0,1.0,0.8095241993581768,2
0.0,0.2916660030488499,0.07999983142610702,1.0,0.412698789213439,2
1.0,0.7916665718641215,0.039999775234809354,1.0,0.6666673488768092,2
1.0,0.7083331437282429,0.43999949427832113,1.0,0.20634946623878447,1
1.0,0.7916665718641215,0.559999662852214,1.0,0.23809536479140742,1
0.0,0.6666662874564857,0.6799989885566423,1.0,0.6507936832798481,1
1.0,0.3333328593206071,0.9200004495303812,1.0,0.2698414680070732,1
1.0,0.4583328593206071,0.27999966285221406,1.0,0.3333336744384046,1
1.0,0.3333328593206071,0.19999971904351171,1.0,0.03174528456349468,1
1.0,0.8750000000000001,0.0,1.0,0.6190483987163535,1
1.0,0.37499943118472845,0.07999983142610702,1.0,0.2539684163992403,0
1.0,0.9166657186412142,0.07999983142610702,1.0,0.12698523151483398,0
1.0,0.6666662874564857,0.6799989885566423,1.0,0.412698789213439,0
1.0,0.6249997155923642,0.759998539026261,1.0,0.1904764146309516,0
1.0,0.08333143728242814,0.039999775234809354,1.0,0.5396831406771891,0
1.0,0.9166657186412142,0.07999983142610702,1.0,0.3333336744384046,0
1.0,0.08333143728242814,0.039999775234809354,1.0,0.36507977765407035,0
1.0,0.37499943118472845,0.07999983142610702,1.0,0.14285685048136748,0
0.0,0.7083331437282429,0.23999977523480936,1.0,0.714286299037265,0
1.0,0.8750000000000001,0.0,1.0,0.7619052491977208,0
1.0,0.041665718641214045,0.35999966285221413,1.0,0.38095272693038185,0
