@relation credit-approval
@attribute f1 real [-1.49549, 0.681488]
@attribute f2 real [-2.47124, 3.92213]
@attribute f3 real [-0.95592, 4.66864]
@attribute f4 real [-0.566656, 3.87644]
@attribute f5 real [-0.569329, 3.97214]
@attribute f6 real [-1.33095, 1.59268]
@attribute f7 real [-0.57072, 3.25719]
@attribute f8 real [-0.664395, 7.85193]
@attribute f9 real [-0.953958, 1.04674]
@attribute f10 real [-1.15631, 0.86357]
@attribute f11 real [-0.493529, 13.2841]
@attribute f12 real [-1.08712, 0.918529]
@attribute f13 real [-0.316941, 3.26813]
@attribute f14 real [-1.03781, 10.4584]
@attribute f15 real [-0.195272, 18.9982]
@attribute clase integer [0, 1]
@inputs f1, f2, f3, f4, f5, f6, f7, f8, f9, f10, f11, f12, f13, f14, f15
@outputs clase
@data
0.0,0.7310901762294376,0.15928588191787446,0.0,0.0,0.6153839576143356,0.1250001698054552,0.10666666666666666,0.0,0.0,0.08955256379744293,1.0,0.0,0.021500129173005703,0.005600018589653816,0
0.0,0.30529611144044533,0.017857219053579294,0.0,0.0,0.6153839576143356,0.1250001698054552,0.05263162220793593,0.0,1.0,0.0,1.0,0.0,0.14000022616149146,0.008240020356921354,0
1.0,0.3467914417591974,0.05500003555833702,0.0,0.0,0.692306824050923,0.0,0.1315790555198398,0.0,0.0,0.07462713649786912,0.0,0.0,0.05000013047778354,3.0010203469179167E-5,0
1.0,0.2513397472694369,0.20089304763394825,0.0,0.0,0.692306824050923,0.0,0.060000058710770195,0.0,1.0,0.0,1.0,1.0,0.06000020876445367,0.0,0
1.0,0.39975085127249005,0.14285721905357932,0.0,0.0,0.4615376432722335,0.0,0.08771935077630315,0.0,1.0,0.0,0.0,0.0,0.18000019136741585,0.0,0
1.0,0.41333334376080216,0.03714299429644275,0.0,0.0,0.5384607491372027,0.1250001698054552,0.2280707934467038,0.0,1.0,0.0,0.0,0.0,0.08200018092919319,0.3128502232425691,0
0.0,0.2856077467751749,0.41374969775413545,0.0,0.0,0.15384504879208385,0.0,0.0014035396723351904,0.0,1.0,0.0,1.0,0.0,0.04000013917630244,0.013490024108196786,0
1.0,0.6781306259453153,0.017857219053579294,0.4999995498634285,0.5000009908688136,0.38461467422348244,0.1250001698054552,0.13894737460113368,0.0,1.0,0.0,1.0,0.0,0.09000018614830452,0.003140025942153665,0
1.0,0.5295950336051253,0.17553589969704297,0.4999995498634285,0.5000009908688136,0.692306824050923,0.0,0.11105271346502159,0.0,1.0,0.0,0.0,0.0,0.026000133957191102,0.014420022599350447,0
1.0,0.27514034069669047,0.02964285206309471,0.0,0.0,0.0,0.1250001698054552,0.07596496141234628,1.0,1.0,0.0,0.0,0.0,0.06400013569689487,0.0,0
1.0,0.37283499938217246,0.06553579302203194,0.0,0.0,0.0,0.1250001698054552,0.15210528015311767,0.0,1.0,0.0,1.0,0.0,0.1300002348600104,0.0020000029176586707,0
0.0,0.47663548332100286,0.2142859174762115,0.0,0.0,0.38461467422348244,0.0,0.03508778727913742,0.0,1.0,0.0,0.0,0.0,0.0,0.0,0
1.0,0.5991269080312887,0.21571447366549565,0.0,0.0,0.38461467422348244,0.0,0.0014035396723351904,1.0,1.0,0.0,1.0,0.0,0.0,0.026900031427351968,0
0.0,0.5710900510998111,0.375,0.0,0.0,0.6153839576143356,0.0,0.1754387015526063,0.0,0.0,0.10447799109701676,0.0,0.0,0.0,0.0,0
1.0,0.35202498838640656,0.03125008889584253,0.0,0.0,0.4615376432722335,0.0,0.03368424760680223,0.0,0.0,0.044776281898721466,0.0,0.0,0.1980000365337794,0.0,0
0.0,0.2388787134171806,0.30660745018276986,0.0,0.0,0.15384504879208385,0.1250001698054552,0.026315811103967964,0.0,0.0,0.10447799109701676,1.0,0.0,0.04800016701156294,0.0,0
1.0,0.31152662836657347,0.4017860952678965,0.0,0.0,0.0,0.0,0.08771935077630315,0.0,0.0,0.253732264092755,1.0,0.0,0.10000017397037805,0.012080023874784093,0
1.0,0.2897198191251249,0.0357144381071586,0.0,0.0,0.0,0.0,0.029298318229987696,0.0,1.0,0.0,1.0,1.0,0.1500002174629726,0.0,0
0.0,0.5130217709908859,0.2321431365297908,0.0,0.0,0.6153839576143356,0.0,0.0175439523503389,0.0,0.0,0.044776281898721466,0.0,0.0,0.07250015439871052,0.0,0
1.0,0.7050460085995335,0.6607147936905287,0.0,0.0,0.07692149827440546,0.25000039185874273,0.5263156349716575,0.0,0.0,0.253732264092755,0.0,0.0,0.0,0.0,0
1.0,0.7155131018539518,0.3035716571607379,0.0,0.0,0.8461535830457342,0.1250001698054552,0.24561357158163877,0.0,0.0,0.044776281898721466,1.0,0.0,0.0,0.0,0
1.0,0.5243613305658831,0.03714299429644275,0.0,0.0,0.692306824050923,0.0,0.1754387015526063,0.0,0.0,0.08955256379744293,0.0,0.0,0.2500006523889178,0.10000025008502891,0
1.0,0.36448602223866283,0.5282155404156058,0.0,0.0,0.9230750813201397,0.0,0.17684212380340109,0.0,0.0,0.07462713649786912,0.0,0.0,0.0840001878880083,0.0,0
1.0,0.5233643602669641,0.3496433498798128,0.0,0.0,0.7692300325280558,0.1250001698054552,0.27929828887460256,0.0,0.0,0.11940363614087736,1.0,0.0,0.0,0.0,0
1.0,0.6168218013348202,0.27089318986729627,0.0,0.0,0.2307682572692167,0.25000039185874273,0.2661400310579974,0.0,0.0,0.22388169981932304,0.0,0.0,0.0,0.05000002084041908,0
0.0,0.2813708576228186,0.38392869842263216,0.0,0.0,0.6153839576143356,0.0,0.01456144522431917,0.0,0.0,0.07462713649786912,0.0,0.0,0.0,0.005600018589653816,0
1.0,0.3467914417591974,0.05357147936905288,0.0,0.0,0.692306824050923,0.0,0.07017548062104252,0.0,0.0,0.16417984545816988,0.0,0.0,0.21700021137400935,3.5001483837838207E-4,0
1.0,0.33956395453415017,0.05660727239108481,0.0,0.0,0.15384504879208385,0.1250001698054552,0.06438598808758472,0.0,0.0,0.17910476468774125,0.0,0.0,0.29150041622412953,0.007130017956105075,0
1.0,0.3457944714602783,0.020892834283926208,0.4999995498634285,0.5000009908688136,0.15384504879208385,0.0,0.008771976175169444,0.0,0.0,0.02985086911543343,1.0,0.0,0.1300002348600104,0.005000017714356215,0
1.0,0.42579437761305855,0.3275002844666961,0.0,0.0,0.0,0.0,0.1578947492022674,0.0,0.0,0.17910476468774125,0.0,0.0,0.0,0.0022100222408952385,0
1.0,0.36037394988871285,0.5357147936905288,0.0,0.0,0.0,0.1250001698054552,0.18719306743225508,0.0,0.0,0.16417984545816988,1.0,0.0,0.0,0.022830001783939874,0
1.0,0.4932087459352423,0.49696509593639326,0.0,0.0,0.692306824050923,0.0,0.30263112316638924,0.0,0.0,0.08955256379744293,0.0,0.0,0.03500014352556189,0.0,0
1.0,0.7030533192979602,1.0,0.4999995498634285,0.5000009908688136,0.0,0.0,1.0,0.0,0.0,0.597017019401524,1.0,0.0,0.0,1.4999891629820767E-4,0
1.0,0.6770091516680561,0.24107165716073792,0.0,0.0,0.0,0.1250001698054552,0.09210533886388787,0.0,0.0,0.16417984545816988,0.0,0.0,0.0,0.0028400281095572496,0
0.0,0.5109033264147077,0.0728572546119163,0.4999995498634285,0.5000009908688136,0.6153839576143356,0.1250001698054552,0.004386046798354921,0.0,0.0,0.34328468272734003,0.0,0.0,0.22750019354204556,0.01236002011517249,0
1.0,0.39775708272788846,0.15928588191787446,0.0,0.0,0.15384504879208385,0.1250001698054552,0.2119300285040789,0.0,0.0,0.044776281898721466,1.0,0.0,0.15550020398026826,0.0030000304270118502,0
1.0,0.5171338433408359,0.05500003555833702,0.0,0.0,0.2307682572692167,0.25000039185874273,0.12280707934467039,1.0,1.0,0.0,1.0,0.0,0.10800020180563856,0.0,0
1.0,0.2980687806274312,0.023750124454179535,0.0,0.0,0.0,0.0,0.005789469049149713,1.0,1.0,0.0,1.0,0.0,0.05000013047778354,0.0,0
0.0,0.32087240375576576,0.017857219053579294,0.0,0.0,0.0,0.1250001698054552,0.030701740480782495,0.0,1.0,0.0,0.0,0.0,0.2455000387084091,0.0,0
1.0,0.3239876622188298,0.0357144381071586,0.0,0.0,0.6153839576143356,0.0,0.061403598383105384,0.0,1.0,0.0,0.0,0.0,0.14000022616149146,0.0,0
1.0,0.46629289404492463,0.0728572546119163,0.0,0.0,0.692306824050923,0.0,0.0014035396723351904,0.0,1.0,0.0,0.0,0.0,0.19999982602962196,0.058000032511053755,0
1.0,0.4351401530022508,0.08928573968452644,0.0,0.0,0.692306824050923,0.0,0.0,0.0,1.0,0.0,0.0,0.0,0.11950016570678511,0.0020000029176586707,0
1.0,0.42679134791197754,0.10714295873810575,0.0,0.0,0.15384504879208385,0.1250001698054552,0.26017501680595795,0.0,1.0,0.0,0.0,0.0,0.0,0.0,0
1.0,0.29071663301201084,0.41517914290184477,0.4999995498634285,0.5000009908688136,0.692306824050923,0.0,0.029298318229987696,0.0,1.0,0.0,0.0,0.0,0.08000019136741587,0.0030000304270118502,0
1.0,0.28872300523823896,0.0,0.0,0.0,0.15384504879208385,0.0,0.00298250712601973,0.0,1.0,0.0,1.0,0.0,0.0,0.0,0
1.0,0.5523988131454929,0.017857219053579294,0.0,0.0,0.2307682572692167,0.1250001698054552,0.1754387015526063,0.0,1.0,0.0,0.0,0.0,0.16000020876445367,0.0,0
1.0,0.43825556787734793,0.16071445588632713,0.0,0.0,0.7692300325280558,0.1250001698054552,0.20175427781349348,1.0,1.0,0.0,0.0,1.0,0.3555006389062134,0.0,0
1.0,0.5389408089943175,0.10714295873810575,0.0,0.0,0.6153839576143356,0.1250001698054552,0.2105268410963649,0.0,0.0,0.16417984545816988,1.0,0.0,0.04000013917630244,0.0,0
1.0,0.7071653916479103,0.4375008889584252,0.0,0.0,0.4615376432722335,0.0,0.04385964603276647,0.0,0.0,0.059701709198295295,0.0,0.0,0.10000017397037805,0.0,0
1.0,0.39464182426482436,0.5773216038232324,0.0,0.0,0.07692149827440546,0.0,0.10526324441587186,0.0,0.0,0.1343285553704487,1.0,0.0,0.12500023920926984,0.007300018464611302,0
0.0,0.29183826370130306,0.02821429587381057,0.4999995498634285,0.5000009908688136,0.6153839576143356,0.0,0.05263162220793593,0.0,0.0,0.02985086911543343,0.0,0.0,0.04000013917630244,0.004000005835317341,0
0.0,0.25445500573250096,0.029821532706558386,0.0,0.0,0.6153839576143356,0.0,0.05561412933395566,0.0,0.0,0.014925427299573824,1.0,0.0,0.0,0.0,0
1.0,0.3323366237211361,0.15178591747621148,0.0,0.0,0.15384504879208385,0.0,0.15052643012097353,0.0,0.0,0.014925427299573824,0.0,0.0,0.06000020876445367,0.0,0
1.0,0.31775714529270166,0.013392869842263214,0.0,0.0,0.4615376432722335,0.0,0.008771976175169444,0.0,0.0,0.044776281898721466,1.0,0.0,0.1300002348600104,0.15108011723986156,0
1.0,0.24199397188024468,0.2321431365297908,0.0,0.0,0.692306824050923,0.1250001698054552,0.05122808253560074,0.0,0.0,0.10447799109701676,1.0,0.0,0.04000013917630244,0.029540043614829037,0
1.0,0.43825556787734793,0.8973217460565804,0.0,0.0,0.7692300325280558,0.1250001698054552,0.057017551584750456,0.0,0.0,0.014925427299573824,0.0,0.0,0.257500515387245,0.005000017714356215,0
1.0,0.40286609409435087,0.2678573968452644,0.0,0.0,0.8461535830457342,0.25000039185874273,0.05561412933395566,0.0,1.0,0.0,0.0,1.0,0.2100005132126153,0.0,1
1.0,0.43401867872499167,0.14285721905357932,0.0,0.0,0.07692149827440546,0.25000039185874273,0.43859704743536676,0.0,1.0,0.0,0.0,0.0,0.0,0.0,1
0.0,0.4807477120829859,0.1785716038232324,0.0,0.0,0.15384504879208385,0.0,0.47368377792064065,0.0,1.0,0.0,0.0,0.0,0.4900006175948422,0.0,1
1.0,0.5514024684947062,0.017857219053579294,0.0,0.0,0.4615376432722335,0.0,0.3771926271014786,0.0,1.0,0.0,1.0,1.0,0.19999982602962196,0.0,1
1.0,0.5586287044234887,0.25000017779168504,0.4999995498634285,0.5000009908688136,0.0,0.0,0.057017551584750456,1.0,1.0,0.0,1.0,0.0,0.08000019136741587,2.000680231278611E-5,1
1.0,0.25757026419556506,0.18892873398096918,0.0,0.0,0.6153839576143356,0.0,0.013157905551983979,0.0,0.0,0.014925427299573824,1.0,0.0,0.08000019136741587,0.0,1
1.0,0.4246729033357994,0.2321431365297908,0.0,0.0,0.9230750813201397,0.0,0.004386046798354921,0.0,1.0,0.0,0.0,0.0,0.22149995520262764,0.0,1
1.0,0.2700312980478214,0.041607165716073785,0.4999995498634285,0.5000009908688136,0.38461467422348244,0.0,0.08771935077630315,0.0,0.0,0.014925427299573824,1.0,0.0,0.09000018614830452,2.000159220801744E-4,1
1.0,0.26791300988367633,0.34821390473210345,0.0,0.0,0.0,0.0,0.008771976175169444,0.0,1.0,0.0,1.0,0.0,0.07000020006593477,0.0,1
1.0,0.6178197101059378,0.678572190535793,0.0,0.0,1.0,0.875002285842666,0.0,0.0,0.0,0.014925427299573824,1.0,0.0,0.04700018527845263,0.0,1
0.0,0.34479765757339237,0.05357147936905288,0.0,0.0,0.4615376432722335,0.0,0.07017548062104252,0.0,1.0,0.0,1.0,1.0,0.18400064021099127,0.0,1
1.0,0.4963240043983064,0.017857219053579294,0.0,0.0,0.4615376432722335,0.0,0.008771976175169444,0.0,1.0,0.0,1.0,1.0,0.1440002400791217,0.0,1
1.0,0.33956395453415017,0.022321568264895394,0.0,0.0,0.9230750813201397,0.0,0.01596498489665436,0.0,1.0,0.0,0.0,0.0,0.10000017397037805,0.0,1
1.0,0.3198755898688798,0.07892866286429516,0.4999995498634285,0.5000009908688136,0.9230750813201397,0.0,0.14035091427346888,0.0,1.0,0.0,1.0,0.0,0.0940001878880083,0.0,1
1.0,0.42367608944891344,0.16071445588632713,0.0,0.0,0.9230750813201397,0.0,0.03508778727913742,0.0,1.0,0.0,0.0,0.0,0.12000015657334025,0.0,1
0.0,0.6105919100568244,0.05357147936905288,0.0,0.0,0.3076914657463496,0.3750004571685332,0.0,0.0,1.0,0.0,0.0,0.0,0.05000013047778354,2.700397301749258E-4,1
1.0,0.778816179886351,0.45535828580368953,0.4999995498634285,0.5000009908688136,0.0,0.1250001698054552,0.1754387015526063,0.0,1.0,0.0,1.0,0.0,0.05600019484682342,0.0,1
1.0,0.3915265658017602,0.553572190535793,0.0,0.0,0.0,0.0,0.0175439523503389,0.0,1.0,0.0,1.0,0.0,0.06000020876445367,0.0,1
1.0,0.652086458315411,0.04910730794942182,0.4999995498634285,0.5000009908688136,0.0,0.1250001698054552,0.3319301459256193,0.0,1.0,0.0,0.0,0.0,0.10000017397037805,0.0010000275093531795,1
1.0,0.3582555053125347,0.05357147936905288,0.4999995498634285,0.5000009908688136,0.0,0.0,0.05263162220793593,0.0,1.0,0.0,0.0,0.0,0.0,0.0022500358455208105,1
0.0,0.3561372171483897,0.12642873398096918,0.0,0.0,0.2307682572692167,0.25000039185874273,0.0175439523503389,0.0,1.0,0.0,0.0,0.0,0.08550018658323047,0.0,1
1.0,0.28660456066206086,0.022321568264895394,0.4999995498634285,0.5000009908688136,0.9230750813201397,0.0,0.004386046798354921,0.0,1.0,0.0,1.0,0.0,0.09000018614830452,1.0003401156393056E-5,1
1.0,0.0,0.017857219053579294,0.0,0.0,0.0,0.25000039185874273,0.029298318229987696,0.0,1.0,0.0,0.0,1.0,0.16000020876445367,0.0,1
0.0,0.28037404373593267,0.39285739684526433,0.4999995498634285,0.5000009908688136,0.6153839576143356,0.0,0.10526324441587186,0.0,1.0,0.0,0.0,0.0,0.13400016179245158,0.0,1
0.0,0.3551402468494706,0.0357144381071586,0.0,0.0,0.6153839576143356,0.0,0.03508778727913742,0.0,0.0,0.02985086911543343,0.0,0.0,0.08350017962441535,0.005000017714356215,1
1.0,0.46728970793181057,0.06250017779168503,0.4999995498634285,0.5000009908688136,0.0,0.25000039185874273,0.008771976175169444,0.0,1.0,0.0,0.0,0.0,0.08200018092919319,0.004000005835317341,1
1.0,0.3467914417591974,0.14285721905357932,0.4999995498634285,0.5000009908688136,0.2307682572692167,0.1250001698054552,0.20175427781349348,0.0,0.0,0.02985086911543343,0.0,0.0,0.037500184843526685,0.0,1
1.0,0.6832390429460519,0.553572190535793,0.0,0.0,0.8461535830457342,0.6250016327447615,0.0,0.0,0.0,0.2985084734100475,1.0,0.0,0.07600017744978561,0.0013000253419495963,1
1.0,0.3582555053125347,0.041607165716073785,0.0,0.0,0.38461467422348244,0.0,0.0175439523503389,0.0,1.0,0.0,1.0,1.0,0.14000022616149146,0.0,1
1.0,0.5099065125278218,0.0803572190535793,0.4999995498634285,0.5000009908688136,0.7692300325280558,0.1250001698054552,0.3508772856836722,0.0,1.0,0.0,0.0,0.0,0.08800018440860075,0.0,1
0.0,0.2461062006422278,0.026785739684526428,0.0,0.0,0.0,0.0,0.027894778557652503,0.0,0.0,0.07462713649786912,0.0,0.0,0.07000020006593477,5.001700578196528E-5,1
1.0,0.3634892083517769,0.12500017779168504,0.0,0.0,0.692306824050923,0.0,0.12280707934467039,0.0,0.0,0.044776281898721466,0.0,0.0,0.16450021354863906,0.0,1
1.0,0.3062930817393643,0.44642958738105737,0.0,0.0,0.692306824050923,0.0,0.030701740480782495,0.0,1.0,0.0,0.0,0.0,0.1300002348600104,0.0,1
1.0,0.25757026419556506,0.04464295873810574,0.4999995498634285,0.5000009908688136,0.0,0.1250001698054552,0.0482456928311214,0.0,0.0,0.044776281898721466,0.0,0.0,0.07000020006593477,0.002100036929222603,1
0.0,0.3167603314058157,0.040178609526789644,0.0,0.0,0.6153839576143356,0.0,0.04526318570510167,0.0,0.0,0.02985086911543343,1.0,0.0,0.10000017397037805,0.0,1
1.0,0.4704049663948747,0.25000017779168504,0.0,0.0,0.6153839576143356,0.1250001698054552,0.4035091427346889,0.0,0.0,0.10447799109701676,0.0,0.0,0.1500002174629726,5.001700578196528E-5,1
1.0,0.7206230829750194,0.25142873398096915,0.0,0.0,0.4615376432722335,0.0,0.4912277302709796,0.0,0.0,0.08955256379744293,0.0,0.0,0.18000019136741585,0.013320023599690561,0
0.0,0.2585672344944841,0.369107983557825,0.0,0.0,0.15384504879208385,0.1250001698054552,0.011754365879648789,0.0,0.0,0.014925427299573824,0.0,0.0,0.04000013917630244,5.000137546765898E-4,0
1.0,0.49744547867556543,0.22178588191787446,0.0,0.0,0.6153839576143356,0.0,0.0014035396723351904,0.0,0.0,0.014925427299573824,1.0,0.0,0.10000017397037805,0.0030000304270118502,0
1.0,0.3198755898688798,0.44642958738105737,0.0,0.0,0.15384504879208385,0.0,0.04245622378197168,0.0,0.0,1.0,0.0,0.0,0.07000020006593477,0.002579991780538717,0
0.0,0.3084113699035094,0.44642958738105737,0.0,0.0,0.9230750813201397,0.0,0.05263162220793593,0.0,0.0,0.17910476468774125,0.0,0.0,0.06000020876445367,0.005670016347224723,0
0.0,0.5504045597235886,0.23803586413870595,0.0,0.0,0.6153839576143356,0.0,0.25877182939824395,0.0,0.0,0.044776281898721466,0.0,0.0,0.0,0.0,0
0.0,0.292835077588189,0.3214288762143172,0.0,0.0,0.6153839576143356,0.0,0.2982454286326555,0.0,0.0,0.07462713649786912,0.0,0.0,0.06000020876445367,0.0,0
1.0,0.5940184910305519,0.08928573968452644,0.0,0.0,0.4615376432722335,0.25000039185874273,0.08771935077630315,0.0,0.0,0.17910476468774125,0.0,0.0,0.20500060454706376,0.02510004443177347,0
1.0,0.28348930219899676,0.39285739684526433,0.0,0.0,0.6153839576143356,0.0,0.08771935077630315,0.0,0.0,0.10447799109701676,0.0,0.0,0.05000013047778354,0.008090021440623147,0
1.0,0.4289096360761226,0.15178591747621148,0.0,0.0,0.2307682572692167,0.25000039185874273,0.11403510316950093,0.0,0.0,0.02985086911543343,1.0,0.0,0.13700019397697155,0.0061000167140160995,0
1.0,0.8442370768467959,0.19642869842263216,0.0,0.0,0.8461535830457342,0.6250016327447615,0.45614099978570566,0.0,0.0,0.014925427299573824,0.0,0.0,0.0,0.0,0
1.0,0.25445500573250096,0.06553579302203194,0.0,0.0,0.0,0.0,0.07894741452445743,0.0,0.0,0.014925427299573824,1.0,0.0,0.05000013047778354,0.0015000412640297706,0
1.0,0.6053583634296154,0.2321431365297908,0.0,0.0,0.6153839576143356,0.1250001698054552,0.2105268410963649,0.0,1.0,0.0,0.0,0.0,0.17500019571667533,0.0,0
1.0,0.41844238640967124,0.09821443810715862,0.0,0.0,0.4615376432722335,0.0,0.14912289044863836,0.0,0.0,0.08955256379744293,1.0,0.0,0.10200022442178769,0.0,0
0.0,0.2346419806768574,0.33928609526789655,0.0,0.0,0.692306824050923,0.0,0.057017551584750456,0.0,0.0,0.08955256379744293,0.0,0.0,0.020000156573340245,0.00600001917318555,0
0.0,0.3354518821842002,0.48214260315473567,0.0,0.0,0.6153839576143356,0.1250001698054552,0.1754387015526063,0.0,0.0,0.02985086911543343,1.0,0.0,0.0,0.05000002084041908,0
0.0,0.3894081837903953,0.1339286984226322,0.0,0.0,0.15384504879208385,0.1250001698054552,0.021929881727153436,0.0,0.0,0.1343285553704487,0.0,0.0,0.09050018571337859,0.0,0
0.0,0.7040496639487469,0.5714295873810573,0.0,0.0,0.3076914657463496,0.875002285842666,0.0,0.0,0.0,0.22388169981932304,1.0,0.0,0.0,0.0024700064688660817,0
1.0,0.5358255505312535,0.0103572546119163,0.4999995498634285,0.5000009908688136,0.15384504879208385,0.1250001698054552,0.061403598383105384,0.0,0.0,0.11940363614087736,1.0,0.0,0.05000013047778354,0.003750025008502891,0
1.0,0.27825559915975456,0.39285739684526433,0.0,0.0,0.692306824050923,0.0,0.07017548062104252,0.0,0.0,0.014925427299573824,1.0,0.0,0.04000013917630244,0.00278000770261889,0
1.0,0.33956395453415017,0.05946438476965309,0.0,0.0,0.15384504879208385,0.1250001698054552,0.17842109125708566,0.0,0.0,0.1343285553704487,1.0,0.0,0.19950053104457904,0.008270020140180995,0
1.0,0.409096611020479,0.08928573968452644,0.0,0.0,0.15384504879208385,0.1250001698054552,0.09649126824070241,0.0,0.0,0.08955256379744293,1.0,0.0,0.08000019136741587,0.020720013554608566,0
1.0,0.2897198191251249,0.05357147936905288,0.0,0.0,0.6153839576143356,0.0,0.08333337443087246,0.0,0.0,0.044776281898721466,0.0,0.0,0.0,0.0058200204736277,0
0.0,0.5025545213244345,0.2692859530345485,0.4999995498634285,0.5000009908688136,0.6153839576143356,0.1250001698054552,0.2807014762823166,0.0,0.0,0.20895605477546245,1.0,0.0,0.0,0.02300000750255087,0
0.0,0.38006240840120314,0.2321431365297908,0.0,0.0,0.0,0.25000039185874273,0.14035091427346888,0.0,0.0,0.10447799109701676,0.0,0.0,0.0,0.03065000433480717,0
0.0,0.6583179137137378,0.5357147936905288,0.0,0.0,0.0,0.0,0.19298253648140481,0.0,0.0,0.20895605477546245,1.0,0.0,0.0,0.022000032094245378,0
0.0,0.5815571443542294,0.01642866286429517,0.0,0.0,0.15384504879208385,0.1250001698054552,0.01456144522431917,0.0,0.0,0.16417984545816988,0.0,0.0,0.22000033054371831,6.002040693835978E-5,0
1.0,0.4651714197676655,0.2321431365297908,0.0,0.0,0.4615376432722335,0.1250001698054552,0.14912289044863836,0.0,0.0,0.17910476468774125,0.0,0.0,0.04650019441189748,0.0,0
1.0,0.2876013745489468,0.08928573968452644,0.0,0.0,0.0,0.0,0.038070176983616755,0.0,0.0,0.16417984545816988,0.0,0.0,0.03000014787482134,0.021840029776790774,0
0.0,0.3551402468494706,0.1085715149273899,0.4999995498634285,0.5000009908688136,0.7692300325280558,0.1250001698054552,0.08912285522217622,0.0,0.0,0.014925427299573824,1.0,0.0,0.03500014352556189,0.0,0
0.0,0.8557005147520009,0.5357147936905288,0.0,0.0,0.8461535830457342,0.6250016327447615,0.0,0.0,0.0,0.20895605477546245,1.0,0.0,0.0,0.03376002007349165,0
1.0,0.4246729033357994,0.002857112378568284,0.4999995498634285,0.5000009908688136,0.4615376432722335,0.25000039185874273,0.0014035396723351904,0.0,0.0,0.014925427299573824,0.0,0.0,0.14000022616149146,0.020000029176586706,0
1.0,0.34479765757339237,0.07142869842263216,0.0,0.0,0.7692300325280558,0.1250001698054552,0.03508778727913742,0.0,0.0,0.059701709198295295,1.0,0.0,0.07000020006593477,0.07543981620417609,0
1.0,0.5482867407955428,0.07142869842263216,0.0,0.0,0.4615376432722335,0.0,0.061403598383105384,0.0,0.0,0.02985086911543343,0.0,0.0,0.0,1.4999891629820767E-4,0
1.0,0.39875397482079095,0.06250017779168503,0.4999995498634285,0.5000009908688136,0.8461535830457342,0.1250001698054552,0.0014035396723351904,0.0,1.0,0.0,0.0,0.0,0.19650041187487008,0.0,0
0.0,0.7548913953048235,0.5892869842263218,0.0,0.0,0.6153839576143356,0.0,0.38596519038435,0.0,1.0,0.0,0.0,0.0,0.010500156138414306,0.10560996988976253,0
0.0,0.5087850382505626,0.3571426031547357,0.0,0.0,0.6153839576143356,0.1250001698054552,0.061403598383105384,0.0,1.0,0.0,1.0,0.0,0.014500170056044547,0.008370017681011544,0
1.0,0.2408724976029856,0.33928609526789655,0.0,0.0,0.6153839576143356,0.0,0.03508778727913742,0.0,1.0,0.0,0.0,0.0,0.03000014787482134,0.004000005835317341,0
0.0,0.40286609409435087,0.019285775242863436,0.0,0.0,0.15384504879208385,0.0,0.0014035396723351904,0.0,1.0,0.0,1.0,0.0,0.22000033054371831,0.11176987675809776,0
1.0,0.4569471186557324,0.11607147936905289,0.0,0.0,0.6153839576143356,0.1250001698054552,0.3157893809829944,0.0,1.0,0.0,0.0,0.0,0.05100019919608288,0.006390021565665659,0
0.0,0.3125235986654925,0.09071447366549562,0.4999995498634285,0.5000009908688136,0.9230750813201397,0.0,0.008771976175169444,0.0,1.0,0.0,0.0,0.0,0.18500010003296738,0.0,0
1.0,0.5150155551766908,0.0,0.0,0.0,0.0,0.25000039185874273,0.5263156349716575,0.0,1.0,0.0,1.0,0.0,0.0,0.0,0
1.0,0.2824923319000777,0.375,0.0,0.0,0.6153839576143356,0.1250001698054552,0.04684215315878621,0.0,1.0,0.0,1.0,0.0,0.05000013047778354,0.0,0
1.0,0.33644869607108613,0.05357147936905288,0.4999995498634285,0.5000009908688136,0.692306824050923,0.0,0.013157905551983979,0.0,1.0,0.0,0.0,0.0,0.1300002348600104,0.010650021007142428,0
1.0,0.31152662836657347,0.44642958738105737,0.0,0.0,0.9230750813201397,0.0,0.10526324441587186,0.0,1.0,0.0,0.0,1.0,0.010000165271859148,0.0,0
0.0,0.32498463251774884,0.30946456256133814,0.0,0.0,0.9230750813201397,0.0,0.0496491150819162,0.0,1.0,0.0,1.0,0.0,0.08000019136741587,0.0015000412640297706,0
1.0,0.2513397472694369,0.2917860241512225,0.0,0.0,0.9230750813201397,0.0,0.06877197617516945,0.0,0.0,0.20895605477546245,1.0,0.0,0.03000014787482134,0.0015800163722332256,0
1.0,0.5940184910305519,0.0103572546119163,0.0,0.0,0.0,0.25000039185874273,0.5263156349716575,0.0,0.0,0.2985084734100475,1.0,0.0,0.0,0.15000006252125722,0
0.0,0.26479775142061224,0.08339301207561126,0.0,0.0,0.2307682572692167,0.25000039185874273,0.0175439523503389,0.0,0.0,0.059701709198295295,1.0,1.0,0.04000013917630244,0.0,0
0.0,0.25757026419556506,0.10714295873810575,0.0,0.0,0.6153839576143356,0.0,0.005789469049149713,0.0,0.0,0.044776281898721466,1.0,0.0,0.05000013047778354,6.002040693835978E-5,0
0.0,0.7112774639978603,0.6964295873810574,0.0,0.0,0.0,0.0,0.19298253648140481,0.0,0.0,0.10447799109701676,1.0,0.0,0.0,0.03000004376488006,0
0.0,0.35725869142564876,0.03714299429644275,0.0,0.0,0.0,0.0,0.08771935077630315,0.0,0.0,0.07462713649786912,0.0,0.0,0.1500002174629726,0.01430002346631188,0
0.0,0.4122118694835431,0.1651787517601377,0.0,0.0,0.6153839576143356,0.1250001698054552,0.057017551584750456,0.0,0.0,0.02985086911543343,1.0,0.0,0.0,0.0,0
1.0,0.26579456530749823,0.375,0.0,0.0,0.0,0.0,0.10526324441587186,0.0,1.0,0.0,0.0,0.0,0.0,0.0,0
1.0,0.5202491018038999,0.03428570412618942,0.0,0.0,0.7692300325280558,0.0,0.08771935077630315,0.0,1.0,0.0,1.0,0.0,0.2550005610544693,0.00600001917318555,0
1.0,0.4299066063750417,0.14428595303454847,0.4999995498634285,0.5000009908688136,0.2307682572692167,0.25000039185874273,0.2982454286326555,0.0,0.0,0.10447799109701676,0.0,0.0,0.09750018484352668,0.0,0
1.0,0.35202498838640656,0.18000017779168506,0.4999995498634285,0.5000009908688136,0.0,0.25000039185874273,0.05263162220793593,0.0,0.0,0.11940363614087736,0.0,0.0,0.07200016353215538,7.002380809475283E-5,0
1.0,0.41333334376080216,0.11303586413870598,0.4999995498634285,0.5000009908688136,0.7692300325280558,0.0,0.11105271346502159,0.0,0.0,0.044776281898721466,0.0,0.0,0.19000000869851894,0.0,0
1.0,0.6002483823085477,0.27232174605658044,0.0,0.0,0.692306824050923,0.1250001698054552,0.5438595873219962,0.0,0.0,0.17910476468774125,1.0,0.0,0.0,0.007900019339908903,0
1.0,0.3436761832961333,0.0728572546119163,0.4999995498634285,0.5000009908688136,0.9230750813201397,0.0,0.07017548062104252,0.0,0.0,0.044776281898721466,0.0,0.0,0.18500010003296738,0.005600018589653816,0
1.0,0.2813708576228186,0.358572048302445,0.0,0.0,0.7692300325280558,0.0,0.0014035396723351904,0.0,0.0,0.1343285553704487,1.0,0.0,0.03000014787482134,0.0039599922306917685,0
0.0,0.3000624084012031,0.017857219053579294,0.0,0.0,0.6153839576143356,0.1250001698054552,0.04385964603276647,0.0,0.0,0.014925427299573824,1.0,0.0,0.0,0.006780018748041,0
1.0,0.3094083402024284,0.09821443810715862,0.0,0.0,0.0,0.0,0.07894741452445743,0.0,0.0,0.08955256379744293,1.0,0.0,0.0,0.00600001917318555,0
0.0,0.2585672344944841,0.36607130157736784,0.0,0.0,0.6153839576143356,0.0,0.024912271431632767,0.0,0.0,0.02985086911543343,0.0,0.0,0.024500161357525644,0.0,0
0.0,0.441370826340412,0.42857219053579304,0.0,0.0,0.6153839576143356,0.1250001698054552,0.4912277302709796,0.0,0.0,0.11940363614087736,1.0,0.0,0.0,0.06590011437221988,0
1.0,0.49221177563632323,0.15178591747621148,0.0,0.0,0.0,0.25000039185874273,0.2280707934467038,0.0,0.0,0.23880661904889441,1.0,0.0,0.05850014917959918,0.01210002025688734,0
1.0,0.4900934874721782,0.20982156826489537,0.0,0.0,0.15384504879208385,0.1250001698054552,0.3508772856836722,0.0,0.0,0.20895605477546245,0.0,0.0,0.19950053104457904,0.0,0
1.0,0.3031778232763003,0.2366073079494218,0.4999995498634285,0.5000009908688136,0.07692149827440546,0.0,0.19298253648140481,0.0,1.0,0.0,0.0,1.0,0.05000013047778354,0.0,0
1.0,0.7486599399064969,0.5178573968452644,0.0,0.0,1.0,0.875002285842666,0.6315793490736908,0.0,0.0,0.22388169981932304,0.0,0.0,0.0,0.010000020840419076,0
1.0,0.2876013745489468,0.4107147936905287,0.0,0.0,0.2307682572692167,0.0,0.12280707934467039,0.0,0.0,0.1343285553704487,1.0,0.0,0.028000184408600734,0.007420017597649867,0
1.0,0.3323366237211361,0.09678588191787448,0.4999995498634285,0.5000009908688136,0.15384504879208385,0.0,0.18421056030623537,0.0,0.0,0.014925427299573824,1.0,0.0,0.10550016048767376,0.0,0
1.0,0.6002483823085477,0.12500017779168504,0.0,0.0,0.9230750813201397,0.0,0.12280707934467039,0.0,1.0,0.0,1.0,1.0,0.11500016092259971,0.0,0
1.0,0.5130217709908859,0.14428595303454847,0.0,0.0,0.15384504879208385,0.1250001698054552,0.24561357158163877,0.0,0.0,0.11940363614087736,1.0,0.0,0.16000020876445367,0.0,0
1.0,0.6968218638996336,0.4107147936905287,0.0,0.0,1.0,0.875002285842666,0.1754387015526063,0.0,0.0,0.07462713649786912,1.0,0.0,0.0,0.08850988502757605,0
1.0,0.6719007346673194,0.34375026668752756,0.0,0.0,0.8461535830457342,0.0,0.3040354847895072,0.0,0.0,0.07462713649786912,1.0,0.0,0.0,0.0,0
0.0,0.6240496013839336,0.44785725461191633,0.0,0.0,0.9230750813201397,0.0,0.08035092601562294,0.0,0.0,0.044776281898721466,0.0,0.0,0.07800014091600622,0.0,0
1.0,0.815202311144201,0.39285739684526433,0.0,0.0,0.8461535830457342,0.6250016327447615,0.7017539842596424,0.0,0.0,0.10447799109701676,0.0,0.0,0.011000147004969455,0.0,0
0.0,0.21906600118560318,0.3214288762143172,0.0,0.0,0.9230750813201397,0.0,0.0482456928311214,0.0,1.0,0.0,0.0,0.0,0.0,0.0,0
0.0,0.2346419806768574,0.34071465145718066,0.0,0.0,0.9230750813201397,0.0,0.00298250712601973,0.0,1.0,0.0,1.0,0.0,0.05000013047778354,0.0,0
1.0,0.2897198191251249,0.14285721905357932,0.0,0.0,0.0,0.25000039185874273,0.008771976175169444,0.0,1.0,0.0,0.0,0.0,0.08000019136741587,0.0,0
0.0,0.28037404373593267,0.3021431009714538,0.4999995498634285,0.5000009908688136,0.7692300325280558,0.0,0.08631583458827605,1.0,1.0,0.0,1.0,0.0,0.08200018092919319,0.0,0
1.0,0.24510923034330875,0.013392869842263214,0.0,0.0,0.6153839576143356,0.0,0.07017548062104252,0.0,0.0,0.02985086911543343,0.0,0.0,0.04000013917630244,0.0,0
1.0,0.27514034069669047,0.39285739684526433,0.0,0.0,0.15384504879208385,0.0,0.023333421399488626,0.0,1.0,0.0,1.0,0.0,0.05000013047778354,0.0,0
1.0,0.3136450729427516,0.12500017779168504,0.0,0.0,0.15384504879208385,0.0,0.021929881727153436,0.0,0.0,0.10447799109701676,1.0,0.0,0.0,0.07059025068523297,0
0.0,0.5909027633313886,0.10714295873810575,0.0,0.0,0.7692300325280558,0.0,0.4868420357372459,0.0,0.0,0.02985086911543343,0.0,0.0,0.25950030488308756,0.01704001235420043,0
1.0,0.4174455725227853,0.06250017779168503,0.0,0.0,0.7692300325280558,0.1250001698054552,0.1578947492022674,0.0,0.0,0.059701709198295295,0.0,0.0,0.12650021180893528,0.008570017972777412,0
1.0,0.34479765757339237,0.49107130157736784,0.0,0.0,0.692306824050923,0.0,0.20175427781349348,0.0,1.0,0.0,0.0,0.0,0.24350024921256658,0.005000017714356215,0
0.0,0.7279744485302744,0.75,0.0,0.0,0.2307682572692167,0.25000039185874273,0.3508772856836722,0.0,0.0,0.19403040973160185,1.0,0.0,0.0,0.06699996748894624,0
0.0,0.25757026419556506,0.06553579302203194,0.0,0.0,0.6153839576143356,0.0,0.07315794077844609,0.0,0.0,0.07462713649786912,1.0,0.0,0.11000016527185916,0.025030020623678716,0
1.0,0.26579456530749823,0.2678573968452644,0.0,0.0,0.9230750813201397,0.0,0.0496491150819162,0.0,0.0,0.014925427299573824,1.0,0.0,0.04000013917630244,0.09800009086422716,0
1.0,0.5337071059550753,0.1651787517601377,0.0,0.0,0.6153839576143356,0.0,0.1607018285469378,0.0,1.0,0.0,1.0,1.0,0.0,0.0,0
1.0,0.4756386694341169,0.3616069523660517,0.0,0.0,0.7692300325280558,0.0,0.08771935077630315,0.0,0.0,0.08955256379744293,1.0,0.0,0.2600004697200208,0.0019600414140807884,0
1.0,0.25545197603142,0.3571426031547357,0.4999995498634285,0.5000009908688136,0.0,0.0,0.08771935077630315,0.0,1.0,0.0,1.0,1.0,0.020000156573340245,0.0,0
1.0,0.6012462910796653,0.8958940788257216,0.0,0.0,0.692306824050923,0.0,0.061403598383105384,0.0,0.0,0.044776281898721466,1.0,0.0,0.06000020876445367,1.399955151418146E-4,0
0.0,0.23364516678997146,0.2678573968452644,0.0,0.0,0.6153839576143356,0.0,0.09508772856836722,0.0,0.0,0.07462713649786912,1.0,0.0,0.0,0.26726024348278415,0
1.0,0.2305299083269074,0.07142869842263216,0.0,0.0,0.2307682572692167,0.0,0.05263162220793593,0.0,0.0,0.02985086911543343,1.0,0.0,0.06000020876445367,0.0030000304270118502,0
1.0,0.41333334376080216,0.1085715149273899,0.4999995498634285,0.5000009908688136,0.0,0.1250001698054552,0.07157899680906964,0.0,0.0,0.014925427299573824,0.0,0.0,0.09000018614830452,0.18027025021840762,0
1.0,0.5607480874718653,0.3035716571607379,0.0,0.0,0.15384504879208385,0.1250001698054552,0.4912277302709796,0.0,0.0,0.014925427299573824,0.0,0.0,0.04400015309393269,0.020000029176586706,0
0.0,0.24510923034330875,0.007499964441662992,0.0,0.0,0.6153839576143356,0.1250001698054552,0.010175515847504648,0.0,0.0,0.16417984545816988,1.0,0.0,0.04000013917630244,9.900241081967865E-4,0
0.5000004593523683,0.30529611144044533,0.45535828580368953,0.0,0.0,0.0,0.25000039185874273,0.16666672537743688,0.0,0.0,0.02985086911543343,1.0,0.0,0.036500203110416386,0.0044399991830555725,0
1.0,0.27202508223362637,0.39285739684526433,0.0,0.0,0.7692300325280558,0.0,0.010175515847504648,0.0,0.0,0.08955256379744293,1.0,0.0,0.06050019963100882,0.0,0
1.0,0.5015575510255155,0.7678573968452643,0.0,0.0,0.8461535830457342,0.6250016327447615,0.7017539842596424,0.0,0.0,0.16417984545816988,1.0,0.0,0.0,0.012000022716056793,0
1.0,0.5161370294539499,0.1785716038232324,0.0,0.0,0.6153839576143356,0.1250001698054552,0.1754387015526063,0.0,0.0,0.08955256379744293,0.0,0.0,0.23500005654037284,0.0,0
0.0,0.22218016476443564,0.39285739684526433,0.0,0.0,0.7692300325280558,0.1250001698054552,0.03508778727913742,0.0,0.0,0.16417984545816988,1.0,0.0,0.0,0.03000004376488006,0
1.0,0.28872300523823896,0.39732174605658044,0.0,0.0,0.7692300325280558,0.1250001698054552,0.01614041267800371,0.0,0.0,0.014925427299573824,1.0,0.0,0.05000013047778354,0.0,0
1.0,0.22641736674085808,0.36607130157736784,0.0,0.0,0.0,0.1250001698054552,0.038070176983616755,1.0,1.0,0.0,1.0,0.0,0.16000020876445367,1.2999211398542158E-4,1
0.0,0.2585672344944841,0.34071465145718066,0.0,0.0,0.2307682572692167,0.0,0.0014035396723351904,1.0,1.0,0.0,1.0,0.0,0.10000017397037805,0.010000020840419076,1
1.0,0.40809979713359307,0.08339301207561126,0.0,0.0,0.07692149827440546,0.1250001698054552,0.20175427781349348,1.0,1.0,0.0,0.0,0.0,0.14600020354534232,0.0,1
0.0,0.6500937690138379,0.0,0.4999995498634285,0.5000009908688136,1.0,0.875002285842666,0.0,1.0,1.0,0.0,1.0,0.0,0.0,0.0,1
0.0,0.6002483823085477,0.04767857396845263,0.0,0.0,0.2307682572692167,1.0,0.011754365879648789,1.0,1.0,0.0,1.0,0.0,0.0,0.0011999913303856642,1
0.0,0.25445500573250096,0.375,0.4999995498634285,0.5000009908688136,0.7692300325280558,0.1250001698054552,0.0,1.0,1.0,0.0,0.0,0.0,0.07700015918289592,3.200046349092029E-4,1
1.0,0.21283454578727648,0.003035793022031937,0.4999995498634285,0.5000009908688136,0.0,0.0,0.0014035396723351904,1.0,1.0,0.0,1.0,0.0,0.07000020006593477,0.007220017305884001,1
1.0,0.22841162016276234,0.0432144025488216,0.4999995498634285,0.5000009908688136,0.8461535830457342,0.7500019592937138,0.0,1.0,1.0,0.0,1.0,0.0,0.05000013047778354,0.0,1
0.0,0.39875397482079095,0.2142859174762115,0.0,0.0,0.07692149827440546,0.0,0.04385964603276647,1.0,1.0,0.0,1.0,0.0,0.13600021224386122,0.0,1
1.0,0.7435515229057602,0.05500003555833702,0.0,0.0,0.6153839576143356,0.0,0.004386046798354921,0.0,1.0,0.0,0.0,0.0,0.1300002348600104,0.0,0
1.0,0.22429954781281233,0.005892905400600222,0.0,0.0,0.6153839576143356,0.5000013061958092,0.0073684365028342524,1.0,1.0,0.0,1.0,0.0,0.10000017397037805,4.0003184416034733E-4,0
1.0,0.4682866782307296,0.0,0.7500009002731428,0.5000009908688136,0.499999315918909,0.5000013061958092,0.0,1.0,1.0,0.0,1.0,0.49999874479473344,0.0,0.0,0
1.0,0.40286609409435087,0.08928573968452644,0.0,0.0,0.0,0.0,0.04385964603276647,1.0,1.0,0.0,0.0,0.0,0.14000022616149146,0.0,1
1.0,0.225295892463599,0.24107165716073792,0.4999995498634285,0.5000009908688136,0.4615376432722335,0.0,0.0014035396723351904,1.0,1.0,0.0,1.0,0.0,0.07000020006593477,0.0,1
1.0,0.3821807747713647,0.08928573968452644,0.0,0.0,0.15384504879208385,0.1250001698054552,0.07894741452445743,1.0,1.0,0.0,0.0,1.0,0.17000020006593478,0.0,1
1.0,0.23152672221379333,0.20392884065598021,0.0,0.0,0.07692149827440546,0.0,0.018947374601133705,1.0,1.0,0.0,1.0,0.0,0.06000020876445367,0.0,1
0.0,0.22641736674085808,0.3571426031547357,0.4999995498634285,0.5000009908688136,0.6153839576143356,0.1250001698054552,0.005789469049149713,1.0,1.0,0.0,1.0,0.0,0.17000020006593478,0.0,1
1.0,0.3062930817393643,0.48214260315473567,0.4999995498634285,0.5000009908688136,1.0,0.875002285842666,0.0,1.0,1.0,0.0,1.0,0.0,0.0,0.0,1
1.0,0.20249258215933066,0.029821532706558386,0.0,0.0,0.4615376432722335,0.0,0.00298250712601973,0.0,1.0,0.0,1.0,1.0,0.10000017397037805,0.0,1
1.0,0.26380078112169325,0.03125008889584253,0.4999995498634285,0.5000009908688136,0.0,0.1250001698054552,0.008771976175169444,1.0,1.0,0.0,1.0,0.0,0.14000022616149146,0.002040016522284243,1
1.0,0.2980687806274312,0.020892834283926208,0.4999995498634285,0.5000009908688136,0.15384504879208385,0.1250001698054552,0.004386046798354921,1.0,1.0,0.0,1.0,0.0,0.12000015657334025,1.0003401156393056E-5,1
1.0,0.2201874754628623,0.15928588191787446,0.0,0.0,0.0,0.0,0.008771976175169444,1.0,1.0,0.0,1.0,1.0,0.04000013917630244,0.0,1
1.0,0.21906600118560318,0.3571426031547357,0.0,0.0,0.692306824050923,0.1250001698054552,0.005789469049149713,1.0,0.0,0.014925427299573824,1.0,0.0,0.06000020876445367,1.0003401156393056E-5,1
0.0,0.0,0.05357147936905288,0.0,0.0,1.0,0.875002285842666,0.0,1.0,0.0,0.02985086911543343,0.0,0.0,0.10000017397037805,0.0010499924140874566,1
1.0,0.36760128070172693,0.020714331432147577,0.0,0.0,0.692306824050923,0.0,0.010175515847504648,1.0,0.0,0.014925427299573824,1.0,0.0,0.17000020006593478,0.028030051050690574,1
1.0,0.2346419806768574,0.014821426031547355,0.4999995498634285,0.5000009908688136,0.0,0.0,0.005789469049149713,1.0,0.0,0.014925427299573824,1.0,0.0,0.10000017397037805,1.0003401156393056E-5,1
0.0,0.27102826834674043,0.06250017779168503,0.4999995498634285,0.5000009908688136,0.3076914657463496,0.3750004571685332,0.0,1.0,1.0,0.0,1.0,0.0,0.08000019136741587,0.0,1
1.0,0.28660456066206086,0.026785739684526428,0.0,0.0,0.4615376432722335,0.0,0.0175439523503389,1.0,1.0,0.0,0.0,1.0,0.16000020876445367,0.0,1
0.0,0.22741527551197566,0.3571426031547357,0.0,0.0,0.692306824050923,0.0,0.03508778727913742,1.0,0.0,0.014925427299573824,1.0,0.0,0.06000020876445367,1.0003401156393056E-5,1
1.0,0.3167603314058157,0.019285775242863436,0.0,0.0,0.692306824050923,0.0,0.005789469049149713,1.0,0.0,0.014925427299573824,1.0,0.0,0.13600021224386122,0.0044399991830555725,1
1.0,0.44548289869036206,0.08625012445417952,0.0,0.0,0.692306824050923,0.0,0.004386046798354921,1.0,0.0,0.02985086911543343,1.0,0.0,0.11000016527185916,1.0003401156393056E-5,1
0.0,0.2003747632312849,0.01196431365297907,0.0,0.0,1.0,0.875002285842666,0.0,1.0,0.0,0.014925427299573824,1.0,0.0,0.08000019136741587,0.001260011737324024,1
0.0,0.39775708272788846,0.11160730794942184,0.0,0.0,1.0,0.875002285842666,0.10666666666666666,1.0,0.0,0.02985086911543343,0.0,0.0,0.10000017397037805,4.001360462557222E-5,1
1.0,0.8619304060299968,0.3214288762143172,0.0,0.0,1.0,0.875002285842666,0.14035091427346888,1.0,0.0,0.014925427299573824,1.0,0.0,0.03500014352556189,6.002040693835978E-5,1
1.0,0.2762618149739496,0.4330365397471091,0.0,0.0,0.0,0.0,0.11701761029552064,1.0,0.0,0.02985086911543343,0.0,0.0,0.09000018614830452,0.0017300152885314348,1
0.0,0.717507355275856,0.07142869842263216,0.0,0.0,1.0,0.875002285842666,0.2280707934467038,1.0,0.0,0.014925427299573824,1.0,0.0,0.0,1.0003401156393199E-4,1
1.0,0.22741527551197566,0.005892905400600222,0.0,0.0,0.07692149827440546,0.0,0.008771976175169444,1.0,1.0,0.0,0.0,1.0,0.14000022616149146,0.0,1
1.0,0.29183826370130306,0.0357144381071586,0.0,0.0,0.0,0.0,0.0175439523503389,1.0,1.0,0.0,0.0,1.0,0.14000022616149146,0.0,1
0.0,0.3084113699035094,0.4880363975137611,0.0,0.0,0.6153839576143356,0.1250001698054552,0.05263162220793593,1.0,1.0,0.0,1.0,0.0,0.14000022616149146,1.0003401156393056E-5,1
1.0,0.6074761823576611,0.9405357930220319,0.4999995498634285,0.5000009908688136,1.0,0.875002285842666,0.0,0.0,1.0,0.0,0.0,0.0,0.0,0.0,1
1.0,0.292835077588189,0.09821443810715862,0.0,0.0,1.0,0.875002285842666,0.1578947492022674,1.0,1.0,0.0,1.0,0.0,0.08000019136741587,2.500329278621397E-4,1
1.0,0.23152672221379333,0.36750074672507715,0.0,0.0,1.0,0.875002285842666,0.01456144522431917,1.0,1.0,0.0,1.0,0.0,0.04000013917630244,0.0,1
0.0,0.3956387163577268,0.10714295873810575,0.4999995498634285,0.5000009908688136,0.3076914657463496,0.3750004571685332,0.0,1.0,1.0,0.0,1.0,0.0,0.08000019136741587,2.000159220801744E-4,1
0.0,0.3094083402024284,0.16071445588632713,0.0,0.0,0.692306824050923,0.0,0.03508778727913742,1.0,1.0,0.0,0.0,0.0,0.18000019136741585,6.002040693835978E-5,1
1.0,0.23676042525303553,0.06250017779168503,0.4999995498634285,0.5000009908688136,0.0,0.0,0.08192986998499939,1.0,1.0,0.0,0.0,0.0,0.05600019484682342,6.002040693835978E-5,1
0.0,0.23152672221379333,0.3571426031547357,0.0,0.0,0.07692149827440546,0.0,0.01456144522431917,1.0,1.0,0.0,1.0,0.0,0.04000013917630244,4.200386464731349E-4,1
1.0,0.20249258215933066,0.0,0.4999995498634285,0.5000009908688136,0.9230750813201397,0.0,0.008771976175169444,1.0,1.0,0.0,1.0,0.0,0.03000014787482134,0.0,1
1.0,0.28660456066206086,0.026785739684526428,0.0,0.0,0.4615376432722335,0.0,0.0175439523503389,0.0,1.0,0.0,0.0,1.0,0.16000020876445367,0.0,1
1.0,0.2180680924144856,0.7857147936905287,1.0,1.0,1.0,1.0,0.0,1.0,1.0,0.0,0.0,0.49999874479473344,0.22500023920926981,1.0,0
1.0,0.2388787134171806,0.0,0.4999995498634285,0.5000009908688136,0.4615376432722335,0.25000039185874273,0.0,1.0,1.0,0.0,0.0,1.0,0.2500006523889178,1.0003401156393056E-5,0
1.0,0.26479775142061224,0.05357147936905288,0.0,0.0,0.692306824050923,0.0,0.05263162220793593,1.0,1.0,0.0,1.0,0.0,0.07500019571667532,8.00272092511459E-5,0
0.0,0.4195638606869303,0.013392869842263214,0.0,0.0,0.15384504879208385,0.0,0.013157905551983979,1.0,1.0,0.0,1.0,0.0,0.1500002174629726,4.399933477382314E-4,0
1.0,0.6053583634296154,0.007321461589884363,0.4999995498634285,0.5000009908688136,0.38461467422348244,0.0,0.008771976175169444,0.0,0.0,0.16417984545816988,1.0,0.0,0.19000000869851894,0.027320017972777413,0
1.0,0.4195638606869303,0.04464295873810574,0.0,0.0,0.692306824050923,0.0,0.040877256328287134,1.0,1.0,0.0,1.0,0.0,0.06000020876445367,0.0,1
0.0,0.36760128070172693,0.038750053337505516,0.4999995498634285,0.5000009908688136,0.7692300325280558,0.0,0.03508778727913742,1.0,1.0,0.0,1.0,0.0,0.14000022616149146,1.2999211398542158E-4,1
1.0,0.37595025784523656,0.038750053337505516,0.4999995498634285,0.5000009908688136,0.0,0.0,0.0014035396723351904,1.0,1.0,0.0,1.0,0.0,0.08500018701815641,0.001790035695469793,1
0.5000004593523683,0.5087850382505626,0.12500017779168504,0.0,0.0,0.2307682572692167,0.25000039185874273,0.0175439523503389,1.0,1.0,0.0,1.0,1.0,0.5800007132785501,0.0,1
1.0,0.0,0.14285721905357932,0.4999995498634285,0.5000009908688136,0.2307682572692167,0.0,0.00298250712601973,1.0,1.0,0.0,0.0,0.0,0.20549989953210668,0.0,1
1.0,0.25445500573250096,0.0,0.7500009002731428,0.5000009908688136,0.499999315918909,0.5000013061958092,0.0,1.0,1.0,0.0,1.0,0.49999874479473344,0.0,0.0,1
0.0,0.4143303140597212,0.08928573968452644,0.4999995498634285,0.5000009908688136,0.0,0.0,0.08771935077630315,1.0,1.0,0.0,0.0,0.0,0.0,2.000680231278611E-5,1
1.0,0.4246729033357994,0.08928573968452644,0.0,0.0,0.0,0.0,0.03508778727913742,1.0,1.0,0.0,1.0,0.0,0.23000014787482134,1.6000231745460074E-4,1
1.0,0.34479765757339237,0.026785739684526428,0.0,0.0,0.6153839576143356,0.1250001698054552,0.005789469049149713,1.0,1.0,0.0,0.0,0.0,0.11000016527185916,0.0025100200734916537,1
0.0,0.43401867872499167,0.04464295873810574,0.4999995498634285,0.5000009908688136,0.2307682572692167,0.1250001698054552,0.0175439523503389,1.0,1.0,0.0,0.0,0.0,0.08000019136741587,0.0,1
1.0,0.34890972992334246,0.10714295873810575,0.0,0.0,0.692306824050923,0.0,0.026315811103967964,1.0,1.0,0.0,0.0,0.0,0.1500002174629726,6.70019473287585E-4,1
0.0,0.48697822900911414,0.14285721905357932,0.0,0.0,0.0,0.0,0.10526324441587186,1.0,1.0,0.0,1.0,0.0,0.23999996520592437,0.0,1
1.0,0.5327102920681894,0.14589301207561126,0.0,0.0,0.9230750813201397,0.0,0.0014035396723351904,1.0,1.0,0.0,1.0,0.0,0.05400014439541378,0.0010000275093531795,1
1.0,0.3354518821842002,0.0803572190535793,0.0,0.0,0.2307682572692167,0.25000039185874273,0.0175439523503389,1.0,1.0,0.0,0.0,0.0,0.3200002435585293,0.04000005835317341,1
1.0,0.48498444482330916,0.06250017779168503,0.0,0.0,0.38461467422348244,0.0,0.0175439523503389,1.0,1.0,0.0,0.0,0.0,0.1500002174629726,2.000680231278611E-5,1
0.5000004593523683,0.401869233283855,0.05357147936905288,0.0,0.0,0.0,0.0,0.008771976175169444,1.0,1.0,0.0,0.0,0.0,0.18600042970683384,0.0012199981326984505,1
1.0,0.33333343760802203,0.16071445588632713,0.4999995498634285,0.5000009908688136,0.0,0.25000039185874273,0.08771935077630315,1.0,1.0,0.0,1.0,0.0,0.10000017397037805,0.01210002025688734,1
1.0,0.3467914417591974,0.05357147936905288,0.0,0.0,0.692306824050923,0.0,0.07894741452445743,1.0,0.0,0.014925427299573824,0.0,0.0,0.05000013047778354,3.0010203469179167E-5,1
0.0,0.32610610679500796,0.07142869842263216,0.0,0.0,0.3076914657463496,0.3750004571685332,0.0,1.0,1.0,0.0,0.0,0.0,0.13800017571008183,1.0003401156393056E-5,1
1.0,0.2762618149739496,0.020892834283926208,0.4999995498634285,0.5000009908688136,1.0,0.875002285842666,0.0,1.0,1.0,0.0,1.0,0.0,0.05000013047778354,0.0,1
1.0,0.28037404373593267,0.4107147936905287,0.4999995498634285,0.5000009908688136,0.4615376432722335,0.0,0.05263162220793593,1.0,1.0,0.0,0.0,0.0,0.0,0.04000005835317341,1
1.0,0.3831776668642672,0.05660727239108481,0.0,0.0,0.07692149827440546,0.0,0.02052634205481824,1.0,1.0,0.0,0.0,1.0,0.0,0.0,1
0.0,0.1993768544601673,0.005892905400600222,0.0,0.0,0.9230750813201397,0.0,0.03508778727913742,1.0,0.0,0.02985086911543343,0.0,0.0,0.16000020876445367,1.0003401156393056E-5,1
1.0,0.5130217709908859,0.04767857396845263,0.0,0.0,0.07692149827440546,0.0,0.005789469049149713,1.0,1.0,0.0,1.0,0.0,0.0840001878880083,0.0,1
0.0,0.24299094217916373,0.005892905400600222,0.0,0.0,0.6153839576143356,0.0,0.0014035396723351904,1.0,1.0,0.0,0.0,0.0,0.19000000869851894,0.0,1
1.0,0.40398756837160993,0.10714295873810575,0.0,0.0,0.07692149827440546,0.0,0.005789469049149713,1.0,1.0,0.0,0.0,0.0,0.06000020876445367,0.0,1
1.0,0.2876013745489468,0.08928573968452644,0.0,0.0,1.0,0.875002285842666,0.00298250712601973,1.0,1.0,0.0,0.0,0.0,0.05000013047778354,0.04208003637903554,1
1.0,0.3343304079069411,0.019285775242863436,0.0,0.0,0.38461467422348244,0.875002285842666,0.0,1.0,1.0,0.0,1.0,0.0,0.05000013047778354,0.0,1
1.0,0.21084185648570314,0.01196431365297907,0.4999995498634285,0.5000009908688136,0.38461467422348244,0.0,0.010175515847504648,1.0,1.0,0.0,1.0,1.0,0.10000017397037805,0.0,1
1.0,0.30429929755355933,0.07142869842263216,0.0,0.0,0.8461535830457342,0.7500019592937138,0.005789469049149713,1.0,0.0,0.02985086911543343,1.0,0.0,0.16000020876445367,0.013000024174886129,1
0.0,0.28348930219899676,0.22017882287681168,0.0,0.0,0.9230750813201397,0.0,0.005789469049149713,1.0,1.0,0.0,1.0,0.0,0.11000016527185916,0.010000020840419076,1
1.0,0.4912149617494373,0.061071443810715866,0.4999995498634285,0.5000009908688136,0.4615376432722335,0.0,0.005789469049149713,1.0,1.0,0.0,1.0,1.0,0.19999982602962196,0.0,1
1.0,0.26691603958475735,0.026785739684526428,0.4999995498634285,0.5000009908688136,0.5384607491372027,0.5000013061958092,0.026315811103967964,1.0,1.0,0.0,0.0,0.0,0.06600018614830452,2.000680231278611E-5,1
1.0,0.41121505559665716,0.08928573968452644,0.4999995498634285,0.5000009908688136,0.692306824050923,0.0,0.24561357158163877,1.0,1.0,0.0,0.0,0.0,0.14000022616149146,0.0,1
1.0,0.3271029206818939,0.05500003555833702,0.0,0.0,0.692306824050923,0.0,0.004386046798354921,1.0,1.0,0.0,1.0,0.0,0.05000013047778354,0.0,1
0.5000004593523683,0.3510281744995206,0.020892834283926208,0.0,0.0,0.9230750813201397,0.0,0.0014035396723351904,1.0,1.0,0.0,1.0,0.0,0.1300002348600104,0.01004002089877225,1
0.0,0.25956404838137004,0.017857219053579294,0.4999995498634285,0.5000009908688136,0.8461535830457342,0.7500019592937138,0.03508778727913742,1.0,1.0,0.0,1.0,0.0,0.1300002348600104,0.0,1
1.0,0.25757026419556506,0.029821532706558386,0.4999995498634285,0.5000009908688136,0.0,0.0,0.07017548062104252,1.0,1.0,0.0,0.0,1.0,0.12000015657334025,0.0,1
1.0,0.4289096360761226,0.04767857396845263,0.0,0.0,0.2307682572692167,0.25000039185874273,0.004386046798354921,1.0,1.0,0.0,0.0,0.0,0.22000033054371831,0.04500003959679624,1
1.0,0.41844238640967124,0.008928698422632178,0.0,0.0,0.2307682572692167,0.25000039185874273,0.14035091427346888,1.0,1.0,0.0,0.0,1.0,0.2100005132126153,0.0,1
1.0,0.5379438386953985,0.1785716038232324,0.0,0.0,0.2307682572692167,0.25000039185874273,0.07894741452445743,1.0,1.0,0.0,0.0,0.0,0.07050019093248992,0.0,1
0.0,0.3031778232763003,0.08928573968452644,0.4999995498634285,0.5000009908688136,0.2307682572692167,0.25000039185874273,0.1578947492022674,1.0,1.0,0.0,1.0,0.0,0.10000017397037805,0.00456003999693229,1
0.0,0.7081617362986969,0.15178591747621148,0.4999995498634285,0.5000009908688136,1.0,0.875002285842666,0.1754387015526063,1.0,1.0,0.0,0.0,0.0,0.0,4.001360462557222E-5,1
1.0,0.27514034069669047,0.40928534854281934,0.0,0.0,0.38461467422348244,0.0,0.05561412933395566,1.0,1.0,0.0,0.0,0.0,0.05000013047778354,0.01212002184909536,1
1.0,0.42367608944891344,0.19642869842263216,0.4999995498634285,0.5000009908688136,0.0,0.0,0.05263162220793593,1.0,1.0,0.0,0.0,0.0,0.03000014787482134,0.0,1
1.0,0.2813708576228186,0.05357147936905288,0.4999995498634285,0.5000009908688136,0.9230750813201397,0.0,0.018947374601133705,1.0,1.0,0.0,0.0,0.0,0.06000020876445367,6.70019473287585E-4,1
1.0,0.26380078112169325,0.0,0.0,0.0,0.0,0.0,0.0175439523503389,1.0,1.0,0.0,0.0,1.0,0.0,0.0,1
1.0,0.3323366237211361,0.5208940788257216,0.0,0.0,0.2307682572692167,0.25000039185874273,0.0,1.0,1.0,0.0,0.0,0.0,0.08900018353874886,0.0,1
1.0,0.1890348908322215,0.25000017779168504,0.0,0.0,0.8461535830457342,0.0,0.03508778727913742,1.0,1.0,0.0,1.0,0.0,0.30000060889632324,0.0,1
1.0,0.49744547867556543,0.1785716038232324,0.0,0.0,0.2307682572692167,0.25000039185874273,0.0073684365028342524,1.0,1.0,0.0,1.0,0.0,0.27500019571667533,0.0,1
1.0,0.3416823991103283,0.44642958738105737,0.0,0.0,0.9230750813201397,0.25000039185874273,0.008771976175169444,1.0,1.0,0.0,0.0,0.0,0.3600003827348318,0.0,1
1.0,0.5130217709908859,0.04464295873810574,0.4999995498634285,0.5000009908688136,0.692306824050923,0.0,0.008771976175169444,1.0,1.0,0.0,1.0,0.0,0.0,0.0019500380129243938,1
0.0,0.4122118694835431,0.05803582858036895,0.0,0.0,0.07692149827440546,0.0,0.018947374601133705,1.0,1.0,0.0,0.0,0.0,0.0,0.0,1
1.0,0.37171350946371007,0.0728572546119163,0.4999995498634285,0.5000009908688136,0.7692300325280558,0.1250001698054552,0.0014035396723351904,1.0,1.0,0.0,1.0,0.0,0.06400013569689487,1.0003401156393056E-5,1
1.0,0.32610610679500796,0.44642958738105737,0.4999995498634285,0.5000009908688136,0.38461467422348244,0.1250001698054552,0.04385964603276647,1.0,1.0,0.0,0.0,0.0,0.0,1.700057186109938E-4,1
1.0,0.3862929268914516,0.07446431365297908,0.0,0.0,0.0,0.0,0.00298250712601973,1.0,1.0,0.0,1.0,0.0,0.1500002174629726,0.0,1
1.0,0.2585672344944841,0.1816073257285903,0.4999995498634285,0.5000009908688136,0.3076914657463496,0.0,0.010175515847504648,1.0,1.0,0.0,1.0,0.0,0.07000020006593477,0.00184000060020407,1
1.0,0.36037394988871285,0.013392869842263214,0.0,0.0,0.0,0.0,0.010175515847504648,1.0,1.0,0.0,1.0,0.0,0.11000016527185916,0.0014000072524658388,1
0.0,0.6469780413146743,0.2321431365297908,0.0,0.0,0.2307682572692167,0.25000039185874273,0.10824563412035121,1.0,1.0,0.0,0.0,0.0,0.036500203110416386,0.0,1
0.0,0.2824923319000777,0.01196431365297907,0.0,0.0,0.6153839576143356,0.0,0.026315811103967964,1.0,1.0,0.0,1.0,1.0,0.08000019136741587,0.0,1
1.0,0.42367608944891344,0.1816073257285903,0.4999995498634285,0.5000009908688136,0.2307682572692167,0.25000039185874273,0.038070176983616755,1.0,1.0,0.0,0.0,0.0,0.23999996520592437,0.0,1
0.0,0.24398775606604967,0.023750124454179535,0.4999995498634285,0.5000009908688136,0.0,0.0,0.03508778727913742,1.0,0.0,0.014925427299573824,1.0,0.0,1.0,2.000680231278611E-5,1
1.0,0.1993768544601673,0.11160730794942184,0.0,0.0,0.692306824050923,0.0,0.00298250712601973,1.0,0.0,0.014925427299573824,1.0,0.0,0.0,6.002040693835978E-5,1
1.0,0.21283454578727648,0.008928698422632178,0.0,0.0,0.6153839576143356,0.0,0.011754365879648789,1.0,0.0,0.059701709198295295,1.0,0.0,0.08000019136741587,8.00272092511459E-5,1
1.0,0.3894081837903953,0.10125005333750552,0.0,0.0,1.0,0.875002285842666,0.0,1.0,0.0,0.07462713649786912,1.0,0.0,0.08800018440860075,0.001460027659404197,1
1.0,0.3136450729427516,0.10714295873810575,0.0,0.0,0.0,0.0,0.04385964603276647,1.0,0.0,0.014925427299573824,1.0,0.0,0.0,2.2002272439296052E-4,1
0.0,0.2824923319000777,0.02821429587381057,0.0,0.0,0.2307682572692167,0.0,0.00298250712601973,1.0,1.0,0.0,1.0,0.0,0.07200016353215538,0.0,1
1.0,0.5056697797874986,0.05357147936905288,0.0,0.0,0.2307682572692167,0.25000039185874273,0.0,1.0,1.0,0.0,1.0,1.0,0.1500002174629726,0.0,1
0.0,0.2772587852728686,0.04464295873810574,0.4999995498634285,0.5000009908688136,1.0,0.875002285842666,0.11403510316950093,1.0,1.0,0.0,1.0,0.0,0.14000022616149146,0.0,1
1.0,0.28037404373593267,0.0044643492113160795,0.4999995498634285,0.5000009908688136,0.38461467422348244,0.0,0.004386046798354921,1.0,1.0,0.0,1.0,0.0,0.10000017397037805,7.000296767567641E-4,1
1.0,0.29383189147507494,0.06392873398096918,0.0,0.0,0.0,0.0,0.018947374601133705,1.0,1.0,0.0,0.0,0.0,0.06800014961452512,1.0003401156393056E-5,1
1.0,0.47875392789718096,0.025178680643463656,0.0,0.0,0.0,0.0,0.013157905551983979,1.0,0.0,0.02985086911543343,1.0,0.0,0.11250020658982396,0.005000017714356215,1
1.0,0.25445500573250096,0.038750053337505516,0.0,0.0,0.6153839576143356,0.0,0.05263162220793593,1.0,1.0,0.0,1.0,0.0,0.05400014439541378,7.002380809475283E-5,1
1.0,0.4195638606869303,0.07732160382323239,0.0,0.0,0.0,0.0,0.05263162220793593,1.0,1.0,0.0,1.0,0.49999874479473344,0.06000020876445367,0.0,1
1.0,0.3062930817393643,0.04464295873810574,0.0,0.0,0.0,0.0,0.008771976175169444,1.0,1.0,0.0,1.0,0.0,0.05500021311371312,0.0,1
0.0,0.34479765757339237,0.0728572546119163,0.0,0.0,0.692306824050923,0.0,0.008771976175169444,1.0,1.0,0.0,0.0,0.0,0.09000018614830452,5.000137546765898E-4,1
1.0,0.46728970793181057,0.029821532706558386,0.0,0.0,0.8461535830457342,0.0,0.0014035396723351904,1.0,1.0,0.0,1.0,0.0,0.06000020876445367,5.001700578196528E-5,1
1.0,0.6127097289848702,0.08178577524286344,0.0,0.0,1.0,0.875002285842666,0.010175515847504648,1.0,1.0,0.0,1.0,0.0,0.10000017397037805,3.0010203469179167E-5,1
1.0,0.41844238640967124,0.01196431365297907,0.4999995498634285,0.5000009908688136,0.15384504879208385,0.0,0.00298250712601973,1.0,1.0,0.0,1.0,0.0,0.09000018614830452,0.0,1
1.0,0.6458565670374153,0.10714295873810575,0.4999995498634285,0.5000009908688136,1.0,0.875002285842666,0.05263162220793593,1.0,1.0,0.0,1.0,0.0,0.09000018614830452,4.001360462557222E-5,1
1.0,0.2856077467751749,0.11303586413870598,0.4999995498634285,0.5000009908688136,0.0,0.0,0.005789469049149713,1.0,1.0,0.0,1.0,0.0,0.08000019136741587,0.010580020644519137,1
1.0,0.27202508223362637,0.05500003555833702,0.0,0.0,0.38461467422348244,0.0,0.00298250712601973,1.0,1.0,0.0,0.0,0.0,0.17800040187157334,0.0,1
1.0,0.31464188682963756,0.0357144381071586,0.0,0.0,0.9230750813201397,0.0,0.0175439523503389,1.0,1.0,0.0,1.0,0.0,0.10000017397037805,0.0,1
1.0,0.7299687019521786,0.09678588191787448,0.0,0.0,0.0,0.0,0.08473689061889958,1.0,1.0,0.0,0.0,0.0,0.16000020876445367,0.0,1
1.0,0.23676042525303553,0.0,0.4999995498634285,0.5000009908688136,1.0,0.875002285842666,0.0,1.0,0.0,0.059701709198295295,1.0,0.0,0.022500197891305036,1.0003401156393056E-5,1
1.0,0.24398775606604967,0.020892834283926208,0.0,0.0,1.0,0.875002285842666,0.0,1.0,0.0,0.044776281898721466,1.0,0.0,0.17500019571667533,0.007690020857091411,1
0.0,0.6645478049917335,0.005892905400600222,0.0,0.0,1.0,0.875002285842666,0.0,1.0,1.0,0.0,0.0,1.0,0.03100012960793165,2.700397301749258E-4,1
1.0,0.32299084833194386,0.03125008889584253,0.0,0.0,0.38461467422348244,0.0,0.013157905551983979,1.0,0.0,0.02985086911543343,0.0,0.0,0.08700018527845263,3.0010203469179167E-5,1
1.0,0.4932087459352423,0.1785716038232324,0.0,0.0,1.0,0.875002285842666,0.0,1.0,0.0,0.02985086911543343,1.0,0.0,0.008500192672193698,1.0003401156393056E-5,1
1.0,0.38105928485290225,0.09678588191787448,0.4999995498634285,0.5000009908688136,0.4615376432722335,0.0,0.004386046798354921,1.0,1.0,0.0,0.0,1.0,0.04000013917630244,0.0,1
1.0,0.21495392883565317,0.10714295873810575,0.0,0.0,0.38461467422348244,0.0,0.0014035396723351904,1.0,1.0,0.0,0.0,0.0,0.08000019136741587,4.0003184416034733E-4,1
0.0,0.2201874754628623,0.0,0.4999995498634285,0.5000009908688136,0.3076914657463496,0.875002285842666,0.0,1.0,1.0,0.0,1.0,0.0,0.04300017136082238,0.0,1
0.0,0.0,0.4017860952678965,0.0,0.0,1.0,0.875002285842666,0.0,1.0,1.0,0.0,1.0,0.0,0.0,0.052000023758077746,1
1.0,0.3894081837903953,0.040178609526789644,0.0,0.0,1.0,0.875002285842666,0.0,1.0,0.0,0.014925427299573824,1.0,0.0,0.04800016701156294,1.9001252092378133E-4,1
1.0,0.24922145910529186,0.25000017779168504,0.0,0.0,0.0,0.0,0.0175439523503389,1.0,1.0,0.0,1.0,0.0,0.0,0.0,1
1.0,0.0,0.10714295873810575,0.4999995498634285,0.5000009908688136,0.2307682572692167,0.25000039185874273,0.24561357158163877,1.0,1.0,0.0,1.0,0.0,0.0,1.0003401156393056E-5,1
1.0,0.49221177563632323,0.05803582858036895,0.0,0.0,0.0,0.0,0.05263162220793593,1.0,1.0,0.0,1.0,0.0,0.0,0.0031600327444664526,1
1.0,0.45482867407955424,0.15178591747621148,0.0,0.0,0.6153839576143356,0.0,0.12280707934467039,1.0,1.0,0.0,1.0,0.0,0.22700002870511238,5.000137546765898E-4,1
0.5000004593523683,0.37071669557682413,0.023750124454179535,0.0,0.0,0.692306824050923,0.0,0.008771976175169444,1.0,1.0,0.0,0.0,0.0,0.1500002174629726,0.0,1
1.0,0.45071660172960426,0.6473217460565804,0.0,0.0,0.692306824050923,0.0,0.00298250712601973,1.0,1.0,0.0,1.0,0.0,0.16000020876445367,0.03552004556549227,1
1.0,0.4309034202619276,0.0,0.7500009002731428,0.5000009908688136,0.499999315918909,0.5000013061958092,0.0,1.0,1.0,0.0,1.0,0.49999874479473344,0.0,0.0,1
1.0,0.36971972527790503,0.026785739684526428,0.4999995498634285,0.5000009908688136,0.0,0.0,0.0014035396723351904,1.0,1.0,0.0,1.0,0.0,0.12000015657334025,0.0,1
1.0,0.45071660172960426,0.19642869842263216,0.0,0.0,0.2307682572692167,0.25000039185874273,0.1754387015526063,1.0,1.0,0.0,1.0,0.0,0.1050001696211186,0.006870018097819926,1
1.0,0.3198755898688798,0.0103572546119163,0.4999995498634285,0.5000009908688136,0.0,0.0,0.05263162220793593,1.0,1.0,0.0,0.0,0.0,0.08000019136741587,0.0,1
0.0,0.30529611144044533,0.08625012445417952,0.4999995498634285,0.5000009908688136,0.0,0.0,0.0,1.0,1.0,0.0,1.0,0.0,0.06000020876445367,0.0,1
1.0,0.3000624084012031,0.03125008889584253,0.0,0.0,0.4615376432722335,0.0,0.00298250712601973,1.0,0.0,0.059701709198295295,1.0,0.0,0.12700020267549042,0.019500015421910114,1
1.0,0.2731465565108855,0.017857219053579294,0.0,0.0,0.0,0.0,0.004386046798354921,1.0,1.0,0.0,1.0,0.0,0.18000019136741585,0.0,1
0.0,0.4558254879664402,0.0103572546119163,0.0,0.0,1.0,0.875002285842666,0.0,1.0,0.0,0.1492542004143093,1.0,0.0,0.10000017397037805,1.800091197673883E-4,1
0.0,0.28660456066206086,0.06553579302203194,0.0,0.0,0.3076914657463496,0.3750004571685332,0.0,1.0,0.0,0.014925427299573824,1.0,0.0,0.10000017397037805,5.300239581457689E-4,1
1.0,0.3872898095996321,0.1101787517601377,0.0,0.0,0.0,0.0,0.08771935077630315,1.0,0.0,0.02985086911543343,0.0,0.0,0.08000019136741587,4.100352453167404E-4,1
0.0,0.37906551630830065,0.04910730794942182,0.0,0.0,0.692306824050923,0.1250001698054552,0.0014035396723351904,1.0,0.0,0.044776281898721466,1.0,0.0,0.0,3.3000803606559595E-4,1
1.0,0.27514034069669047,0.08339301207561126,0.0,0.0,0.38461467422348244,0.0,0.026315811103967964,1.0,1.0,0.0,1.0,0.0,0.09000018614830452,0.0,1
0.0,0.2731465565108855,0.41660681013270373,0.0,0.0,0.38461467422348244,0.1250001698054552,0.00298250712601973,1.0,1.0,0.0,1.0,0.0,0.16000020876445367,5.001700578196528E-5,1
1.0,0.26267930684443414,0.1473215682648954,0.4999995498634285,0.5000009908688136,0.2307682572692167,0.1250001698054552,0.0014035396723351904,1.0,1.0,0.0,1.0,0.0,0.07000020006593477,0.0010000275093531795,1
1.0,0.21707174776369892,0.2321431365297908,0.0,0.0,0.2307682572692167,0.0,0.004386046798354921,1.0,1.0,0.0,1.0,0.0,0.03000014787482134,0.0010000275093531795,1
1.0,0.25757026419556506,0.014821426031547355,0.0,0.0,0.0,0.0,0.004386046798354921,1.0,1.0,0.0,1.0,0.0,0.0,4.399933477382314E-4,1
1.0,0.33333343760802203,0.07142869842263216,0.0,0.0,0.07692149827440546,0.0,0.026315811103967964,1.0,1.0,0.0,0.0,0.0,0.04000013917630244,0.0,1
1.0,0.29383189147507494,0.029821532706558386,0.0,0.0,0.2307682572692167,0.1250001698054552,0.00298250712601973,1.0,1.0,0.0,0.0,0.0,0.11000016527185916,5.001700578196528E-5,1
1.0,0.4880997032863732,0.08928573968452644,0.4999995498634285,0.5000009908688136,0.2307682572692167,0.1250001698054552,0.3508772856836722,1.0,1.0,0.0,0.0,1.0,0.10000017397037805,0.0,1
1.0,0.28348930219899676,0.4107147936905287,0.0,0.0,0.2307682572692167,0.0,0.01456144522431917,1.0,1.0,0.0,1.0,0.0,0.0,0.0,1
0.5000004593523683,0.33021817914495794,0.09678588191787448,0.4999995498634285,0.5000009908688136,0.499999315918909,0.5000013061958092,0.00298250712601973,1.0,1.0,0.0,1.0,1.0,0.04000013917630244,0.0,1
0.0,0.21084185648570314,0.017857219053579294,0.0,0.0,0.2307682572692167,0.0,0.005789469049149713,1.0,0.0,0.08955256379744293,0.0,0.0,0.12000015657334025,3.5001483837838207E-4,1
0.0,0.21595027348643986,0.33928609526789655,0.0,0.0,0.9230750813201397,0.0,0.061403598383105384,1.0,0.0,0.1492542004143093,0.0,0.0,0.0,1.0003401156393199E-4,1
1.0,0.29595033605125304,0.014821426031547355,0.4999995498634285,0.5000009908688136,0.0,0.0,0.0014035396723351904,1.0,0.0,0.02985086911543343,1.0,0.0,0.06400013569689487,6.002040693835978E-5,1
1.0,0.4320248945391867,0.03857155048572689,0.0,0.0,0.4615376432722335,0.0,0.040877256328287134,1.0,1.0,0.0,1.0,1.0,0.014000179189489398,0.0,1
1.0,0.9324612841115093,0.678572190535793,0.4999995498634285,0.5000009908688136,1.0,0.875002285842666,0.0014035396723351904,1.0,0.0,0.02985086911543343,1.0,0.0,0.0,0.003509995481797145,1
1.0,0.30529611144044533,0.47625058671256065,0.4999995498634285,0.5000009908688136,0.9230750813201397,0.0,0.0014035396723351904,1.0,1.0,0.0,0.0,0.0,0.06000020876445367,0.004750000416808382,1
1.0,0.2346419806768574,0.12642873398096918,0.4999995498634285,0.5000009908688136,1.0,0.875002285842666,0.0,1.0,1.0,0.0,0.0,0.0,0.09000018614830452,1.0003401156393056E-5,1
0.5000004593523683,0.5648601598218154,0.0357144381071586,0.0,0.0,0.6153839576143356,0.0,0.004386046798354921,1.0,1.0,0.0,0.0,0.0,0.13150020745967583,0.0,1
1.0,0.3011840390904953,0.03125008889584253,0.0,0.0,0.6153839576143356,0.0,0.1622807960006223,0.0,0.0,0.02985086911543343,0.0,0.0,0.2600004697200208,0.020000029176586706,0
1.0,0.48909651717325914,0.33928609526789655,0.0,0.0,0.4615376432722335,0.0,0.2280707934467038,0.0,0.0,0.20895605477546245,1.0,0.0,0.12000015657334025,0.04607003881319649,0
0.0,0.25545197603142,0.4226783961767676,0.0,0.0,0.0,0.1250001698054552,0.2105268410963649,0.0,1.0,0.0,1.0,0.0,0.17000020006593478,0.0,0
0.0,0.31152662836657347,0.03125008889584253,0.0,0.0,0.7692300325280558,0.1250001698054552,0.03649120952993221,0.0,1.0,0.0,0.0,0.0,0.08000019136741587,0.05860002817624659,0
1.0,0.2513397472694369,0.33035739684526433,0.0,0.0,0.0,0.0,0.058421091257085646,0.0,0.0,0.044776281898721466,0.0,0.0,0.020000156573340245,2.799910302836292E-4,0
1.0,0.32087240375576576,0.017857219053579294,0.0,0.0,0.0,0.0,0.05122808253560074,0.0,0.0,0.07462713649786912,0.0,0.0,0.15600019484682343,0.0,0
1.0,0.0,0.14285721905357932,0.0,0.0,0.7692300325280558,0.0,0.1754387015526063,0.0,0.0,0.044776281898721466,0.0,0.0,0.14500022181223202,0.02279004028036199,0
1.0,0.4859812587101951,0.1785716038232324,0.0,0.0,0.15384504879208385,0.0,0.12280707934467039,0.0,0.0,0.1492542004143093,0.0,0.0,0.0,0.0,0
0.0,0.7985037624914559,0.005892905400600222,0.0,0.0,1.0,0.875002285842666,0.0,0.0,0.0,0.014925427299573824,1.0,0.0,0.11600022964089904,0.0010000275093531795,0
1.0,0.35202498838640656,0.18303589969704298,0.0,0.0,0.7692300325280558,0.0,0.16666672537743688,0.0,0.0,0.02985086911543343,1.0,0.0,0.2100005132126153,7.002380809475283E-5,0
0.0,0.3582555053125347,0.1339286984226322,0.0,0.0,0.0,0.0,0.038070176983616755,0.0,0.0,0.014925427299573824,0.0,0.0,0.18550026486990062,0.0,0
1.0,0.39040507588329787,0.6964295873810574,0.0,0.0,0.0,0.0,0.24561357158163877,0.0,0.0,0.23880661904889441,1.0,0.0,0.0,0.05000002084041908,0
0.0,0.23576345495411652,0.3214288762143172,0.0,0.0,0.9230750813201397,0.0,0.026315811103967964,0.0,0.0,0.02985086911543343,1.0,0.0,0.04400015309393269,0.005910019823406625,0
0.0,0.3084113699035094,0.10714295873810575,0.0,0.0,0.6153839576143356,0.1250001698054552,0.06438598808758472,0.0,0.0,0.2835828283661869,1.0,0.0,0.0,0.005000017714356215,0
0.0,0.3821807747713647,0.42857219053579304,0.0,0.0,0.0,0.0,0.07017548062104252,0.0,0.0,0.014925427299573824,1.0,0.0,0.11000016527185916,1.9001252092378133E-4,0
1.0,0.2616824929575482,0.17107160560114926,0.4999995498634285,0.5000009908688136,0.692306824050923,0.0,0.07894741452445743,0.0,0.0,0.014925427299573824,0.0,0.0,0.04000013917630244,0.0030000304270118502,0
1.0,0.17133999752868986,0.14285721905357932,0.4999995498634285,0.5000009908688136,0.692306824050923,0.0,0.061403598383105384,0.0,0.0,0.02985086911543343,0.0,0.0,0.06000020876445367,0.010000020840419076,0
0.0,0.5732078700278569,0.14285721905357932,0.0,0.0,0.3076914657463496,0.3750004571685332,0.0,0.0,1.0,0.0,1.0,0.0,0.05000013047778354,0.009600019214866388,0
0.0,0.5523988131454929,0.0,0.0,0.0,0.0,0.0,0.08771935077630315,0.0,1.0,0.0,1.0,0.0,0.0,0.0,0
1.0,0.25233671756835596,0.3557149359238767,0.0,0.0,0.8461535830457342,0.7500019592937138,0.0,0.0,1.0,0.0,1.0,0.0,0.0,0.0,0
1.0,0.2824923319000777,0.09071447366549562,0.4999995498634285,0.5000009908688136,0.0,0.1250001698054552,0.09070179919155269,0.0,1.0,0.0,1.0,0.0,0.0,0.0,0
1.0,0.0,0.375,0.0,0.0,0.7692300325280558,0.0,0.2280707934467038,0.0,1.0,0.0,1.0,0.0,0.0,0.0,0
0.0,0.7591270331609151,0.1785716038232324,0.0,0.0,0.9230750813201397,0.0,0.14035091427346888,0.0,0.0,0.059701709198295295,1.0,0.0,0.0,9.900241081967865E-4,0
1.0,0.2003747632312849,0.026785739684526428,0.0,0.0,0.0,0.0,0.061403598383105384,0.0,0.0,0.07462713649786912,0.0,0.0,0.17600017744978563,0.006900017881079567,0
1.0,0.4880997032863732,0.061071443810715866,0.0,0.0,0.7692300325280558,0.0,0.004386046798354921,0.0,0.0,0.07462713649786912,0.0,0.0,0.23999996520592437,0.0,0
0.5000004593523683,0.25445500573250096,0.2678573968452644,0.0,0.0,0.38461467422348244,0.0,0.05263162220793593,0.0,0.0,0.014925427299573824,1.0,0.0,0.08000019136741587,0.00234001435488066,0
1.0,0.2844861160858827,0.10714295873810575,0.0,0.0,0.4615376432722335,0.0,0.04526318570510167,0.0,0.0,0.014925427299573824,1.0,0.0,0.1300002348600104,0.00800002209084422,0
0.0,0.3561372171483897,0.05946438476965309,0.0,0.0,0.6153839576143356,0.0,0.08473689061889958,0.0,1.0,0.0,0.0,0.0,0.22000033054371831,0.0,1
1.0,0.518130813639755,0.06250017779168503,0.0,0.0,0.38461467422348244,0.0,0.0073684365028342524,0.0,1.0,0.0,1.0,0.0,0.08000019136741587,0.0,1
0.0,0.6947040449715877,0.25285746796193836,0.0,0.0,0.38461467422348244,0.1250001698054552,0.2368421825141713,0.0,0.0,0.044776281898721466,0.0,0.0,0.05000013047778354,5.000137546765898E-4,1
1.0,0.5389408089943175,0.9003584280370376,0.0,0.0,0.6153839576143356,0.1250001698054552,0.0073684365028342524,0.0,0.0,0.014925427299573824,1.0,0.0,0.38000001739703787,8.999934977892489E-4,1
0.0,0.31563885712855666,0.07446431365297908,0.0,0.0,0.0,0.1250001698054552,0.09649126824070241,0.0,1.0,0.0,0.0,0.0,0.18000019136741585,1.0003401156393056E-5,1
0.0,0.3062930817393643,0.023928627305958163,0.0,0.0,0.9230750813201397,0.1250001698054552,0.061403598383105384,0.0,1.0,0.0,1.0,0.0,0.19999982602962196,0.0,1
1.0,0.5379438386953985,0.0803572190535793,0.0,0.0,0.2307682572692167,0.25000039185874273,0.026315811103967964,0.0,1.0,0.0,1.0,0.0,0.28000010438222683,0.0,1
1.0,0.5099065125278218,0.029821532706558386,0.0,0.0,1.0,0.875002285842666,0.0,0.0,1.0,0.0,1.0,0.0,0.06500020441519422,1.0003401156393056E-5,1
1.0,0.396635592809426,0.08928573968452644,0.0,0.0,0.9230750813201397,0.0,0.26315752393197767,0.0,1.0,0.0,0.0,0.0,0.2615000943789301,0.0,1
1.0,0.43925238176423387,0.11303586413870598,0.0,0.0,0.7692300325280558,0.1250001698054552,0.1315790555198398,0.0,1.0,0.0,0.0,0.0,0.33999987822073535,0.0,1
1.0,0.42679134791197754,0.06250017779168503,0.0,0.0,0.692306824050923,0.25000039185874273,0.008771976175169444,0.0,1.0,0.0,0.0,0.0,0.08150016396708132,0.0,1
1.0,1.0,0.19642869842263216,0.0,0.0,0.499999315918909,0.5000013061958092,0.018947374601133705,0.0,1.0,0.0,1.0,0.0,0.0,0.0034000101701245097,1
1.0,0.24199397188024468,0.05357147936905288,0.4999995498634285,0.5000009908688136,0.15384504879208385,0.0,0.07017548062104252,0.0,1.0,0.0,0.0,0.0,0.05000013047778354,2.000159220801744E-4,1
1.0,0.5327102920681894,0.10714295873810575,0.0,0.0,0.2307682572692167,0.25000039185874273,0.03508778727913742,0.0,1.0,0.0,1.0,0.0,0.0,0.0020000029176586707,1
1.0,0.24510923034330875,0.3571426031547357,0.4999995498634285,0.5000009908688136,0.38461467422348244,0.1250001698054552,0.029298318229987696,0.0,1.0,0.0,0.0,0.0,0.07000020006593477,0.0,1
1.0,0.5514024684947062,0.39285739684526433,0.4999995498634285,0.5000009908688136,0.07692149827440546,0.0,0.05263162220793593,0.0,1.0,0.0,1.0,1.0,0.0,0.0,1
1.0,0.29383189147507494,0.01642866286429517,0.4999995498634285,0.5000009908688136,0.692306824050923,0.0,0.09210533886388787,0.0,0.0,0.08955256379744293,0.0,0.0,0.10400018788800831,0.0034700339782192608,1
1.0,0.2980687806274312,0.05357147936905288,0.0,0.0,0.07692149827440546,0.1250001698054552,0.0657895277599199,0.0,0.0,0.08955256379744293,1.0,0.0,0.10000017397037805,0.003270018056139088,0
1.0,0.41333334376080216,0.0357144381071586,0.0,0.0,0.7692300325280558,0.0,0.026315811103967964,0.0,0.0,0.10447799109701676,0.0,0.0,0.17000020006593478,0.04071003933003888,0
1.0,0.9563860686930368,0.7960729372608703,0.0,0.0,0.8461535830457342,0.6250016327447615,0.44736843650283425,0.0,0.0,0.014925427299573824,0.0,0.0,0.0,0.0010900060187130289,0
1.0,0.6396266757594194,0.3571426031547357,0.0,0.0,0.2307682572692167,0.25000039185874273,0.0,0.0,0.0,0.16417984545816988,1.0,0.0,0.0,0.012490022649367452,0
1.0,0.43302186483810573,0.5357147936905288,0.0,0.0,0.5384607491372027,0.5000013061958092,0.1885966071045903,0.0,0.0,0.1343285553704487,0.0,0.0,0.0,0.0013400389465751685,0
0.0,0.2793770734370136,0.4017860952678965,0.4999995498634285,0.5000009908688136,0.7692300325280558,0.1250001698054552,0.026315811103967964,0.0,0.0,0.059701709198295295,1.0,0.0,0.0,0.0032099976492007284,0
1.0,0.5223675463800781,0.015000106675011029,0.0,0.0,0.0,0.1250001698054552,0.0073684365028342524,0.0,0.0,0.08955256379744293,1.0,0.0,0.11000016527185916,0.009480020081827821,0
1.0,0.6407481500366786,0.001428556189284142,0.0,0.0,0.7692300325280558,0.1250001698054552,0.0014035396723351904,0.0,1.0,0.0,1.0,0.0,0.0,0.03000004376488006,0
0.0,0.2844861160858827,0.08178577524286344,0.0,0.0,0.6153839576143356,0.1250001698054552,0.08035092601562294,0.0,0.0,0.10447799109701676,0.0,0.0,0.07000020006593477,0.023840032694449446,0
0.0,0.31152662836657347,0.4403580013369935,0.0,0.0,0.15384504879208385,0.1250001698054552,0.12280707934467039,0.0,0.0,0.08955256379744293,1.0,0.0,0.19999982602962196,0.004579994698197387,0
1.0,0.33333343760802203,0.040178609526789644,0.0,0.0,0.7692300325280558,0.1250001698054552,0.04385964603276647,0.0,1.0,0.0,1.0,0.0,0.0,0.05298004446511814,0
1.0,0.5254828048431421,0.18000017779168506,0.0,0.0,0.6153839576143356,0.1250001698054552,0.44736843650283425,0.0,1.0,0.0,0.0,0.0,0.04600020354534232,0.0,0
0.0,0.25956404838137004,0.10714295873810575,0.0,0.0,0.9230750813201397,0.0,0.0014035396723351904,0.0,1.0,0.0,1.0,0.0,0.05000013047778354,0.0,0
0.0,0.3136450729427516,0.10267860952678966,0.0,0.0,0.7692300325280558,0.1250001698054552,0.030701740480782495,0.0,1.0,0.0,1.0,0.0,0.18000019136741585,0.0,0
0.0,0.44548289869036206,0.03267864508512665,0.0,0.0,0.9230750813201397,0.0,0.026315811103967964,0.0,0.0,0.059701709198295295,1.0,0.0,0.0,0.01583001762265837,0
1.0,0.7414321398573834,0.09821443810715862,0.0,0.0,0.692306824050923,0.0,0.061403598383105384,0.0,0.0,0.07462713649786912,0.0,0.0,0.03000014787482134,5.800409639277357E-4,0
1.0,0.2616824929575482,0.10714295873810575,0.4999995498634285,0.5000009908688136,0.07692149827440546,0.0,0.038070176983616755,0.0,0.0,0.11940363614087736,0.0,0.0,0.08000019136741587,1.0003401156393056E-5,0
0.0,0.8120865834450375,0.5,0.0,0.0,1.0,0.875002285842666,0.0,0.0,0.0,0.16417984545816988,0.0,0.0,0.0,0.014000020423610694,0
0.0,0.2533335314552419,0.3571426031547357,0.0,0.0,0.0,0.1250001698054552,0.03508778727913742,0.0,0.0,0.059701709198295295,1.0,0.0,0.025000152224080793,0.014650022674375955,0
1.0,0.3136450729427516,0.2142859174762115,0.0,0.0,0.0,0.0,0.03508778727913742,0.0,0.0,0.044776281898721466,1.0,0.0,0.0,0.0,0
1.0,0.39464182426482436,0.02964285206309471,0.0,0.0,0.7692300325280558,0.0,0.04684215315878621,0.0,0.0,0.11940363614087736,0.0,0.0,0.151500190062638,0.03290004018032798,0
1.0,0.5109033264147077,0.001428556189284142,0.0,0.0,0.8461535830457342,0.0,0.0014035396723351904,1.0,0.0,0.014925427299573824,1.0,1.0,0.28000010438222683,0.0,0
1.0,0.6043620187788287,0.15178591747621148,0.0,0.0,0.4615376432722335,0.0,0.004386046798354921,0.0,1.0,0.0,0.0,0.0,0.11250020658982396,0.0,0
1.0,0.7985037624914559,0.7142869842263218,0.0,0.0,0.7692300325280558,0.1250001698054552,0.614035396723352,0.0,0.0,0.1343285553704487,0.0,0.0,0.0,0.010000020840419076,0
1.0,0.3323366237211361,0.06250017779168503,0.4999995498634285,0.5000009908688136,0.0,0.0,0.03508778727913742,0.0,0.0,0.07462713649786912,0.0,0.0,0.08000019136741587,0.057770058486552096,0
1.0,0.31563885712855666,0.020714331432147577,0.0,0.0,0.0,0.0,0.010175515847504648,0.0,0.0,0.10447799109701676,0.0,0.0,0.04800016701156294,0.05124002577543031,0
1.0,0.33644869607108613,0.026785739684526428,0.0,0.0,0.0,0.1250001698054552,0.14912289044863836,0.0,0.0,0.044776281898721466,0.0,0.0,0.15600019484682343,0.0015000412640297706,0
1.0,0.42579437761305855,0.18750019557085354,0.0,0.0,0.692306824050923,0.0,0.00298250712601973,1.0,1.0,0.0,0.0,0.0,0.14500022181223202,6.002040693835978E-5,0
1.0,0.48186918636024506,0.007499964441662992,0.0,0.0,0.38461467422348244,0.0,0.00298250712601973,0.0,1.0,0.0,0.0,0.0,0.14000022616149146,0.0,0
1.0,0.32087240375576576,0.026785739684526428,0.0,0.0,0.0,0.25000039185874273,0.008771976175169444,0.0,1.0,0.0,1.0,0.0,0.17450020485012013,2.3002612554935356E-4,0
0.5000004593523683,0.2502182729921778,0.0044643492113160795,0.0,0.0,0.6153839576143356,0.0,0.03508778727913742,1.0,0.0,0.014925427299573824,1.0,0.0,0.12000015657334025,0.007680017455935017,0
0.0,0.36760128070172693,0.01642866286429517,0.0,0.0,0.38461467422348244,0.0,0.018947374601133705,0.0,0.0,0.059701709198295295,1.0,0.0,0.19000000869851894,0.005000017714356215,0
0.5000004593523683,0.5264797751420612,0.06250017779168503,0.4999995498634285,0.5000009908688136,0.499999315918909,0.5000013061958092,0.0,1.0,1.0,0.0,0.0,0.0,0.07500019571667532,1.0003401156393056E-5,1
1.0,0.2502182729921778,0.008928698422632178,0.0,0.0,0.6153839576143356,0.0,0.004386046798354921,1.0,1.0,0.0,1.0,0.0,0.10000017397037805,0.0,1
1.0,0.29183826370130306,0.020892834283926208,0.0,0.0,0.0,0.1250001698054552,0.00298250712601973,0.0,1.0,0.0,1.0,0.0,0.09000018614830452,0.0,1
0.0,0.36859825100064597,0.06250017779168503,0.4999995498634285,0.5000009908688136,0.38461467422348244,0.0,0.04385964603276647,1.0,1.0,0.0,0.0,0.0,0.14000022616149146,0.0,1
1.0,0.20149623750854398,0.001428556189284142,0.0,0.0,0.0,0.0,0.0014035396723351904,1.0,1.0,0.0,1.0,0.0,0.0,0.0,0
1.0,0.0,0.001428556189284142,0.4999995498634285,0.5000009908688136,0.07692149827440546,0.0,0.14912289044863836,1.0,1.0,0.0,0.0,0.0,0.23000014787482134,0.0,1
1.0,0.3436761832961333,0.11607147936905289,0.4999995498634285,0.5000009908688136,0.6153839576143356,0.1250001698054552,0.17842109125708566,1.0,0.0,0.02985086911543343,0.0,0.0,0.18449993519603416,1.0003401156393056E-5,1
1.0,0.2741435268098045,0.02821429587381057,0.0,0.0,0.692306824050923,0.0,0.010175515847504648,1.0,0.0,0.014925427299573824,1.0,0.0,0.2100005132126153,0.0028300247084008566,1
1.0,0.2408724976029856,0.3898224927816576,0.0,0.0,0.0,0.25000039185874273,0.02052634205481824,1.0,0.0,0.02985086911543343,0.0,0.0,0.10000017397037805,7.002380809475283E-5,1
1.0,0.366604466814841,0.04464295873810574,0.0,0.0,0.0,0.1250001698054552,0.008771976175169444,1.0,0.0,0.02985086911543343,0.0,0.0,0.19999982602962196,0.0010800026175566359,1
1.0,0.2824923319000777,0.026785739684526428,0.0,0.0,0.2307682572692167,0.0,0.05561412933395566,1.0,0.0,0.014925427299573824,0.0,0.0,0.19999982602962196,9.003061040753894E-5,1
1.0,0.401869233283855,0.5,0.4999995498634285,0.5000009908688136,1.0,0.875002285842666,0.0,1.0,0.0,0.02985086911543343,1.0,0.0,0.08000019136741587,1.0003401156393056E-5,1
1.0,0.36859825100064597,0.16964303341061346,0.0,0.0,0.4615376432722335,0.0,0.07017548062104252,1.0,0.0,0.014925427299573824,0.0,0.0,0.23000014787482134,6.80022874443978E-4,1
1.0,0.22953309444002146,0.37196509593639326,0.4999995498634285,0.5000009908688136,0.9230750813201397,0.0,0.004386046798354921,0.0,1.0,0.0,1.0,0.0,0.06000020876445367,0.003750025008502891,1
1.0,0.2762618149739496,0.0803572190535793,0.0,0.0,0.2307682572692167,0.0,0.004386046798354921,1.0,1.0,0.0,1.0,0.0,0.08000019136741587,1.0003401156393199E-4,1
1.0,0.2824923319000777,0.005892905400600222,0.0,0.0,0.0,0.3750004571685332,0.07894741452445743,1.0,1.0,0.0,0.0,1.0,0.0,0.0,0
1.0,0.2689098237705623,0.02821429587381057,0.4999995498634285,0.5000009908688136,0.15384504879208385,0.0,0.023333421399488626,1.0,1.0,0.0,1.0,0.0,0.08000019136741587,0.0,1
1.0,0.29595033605125304,0.42857219053579304,0.0,0.0,0.0,0.0,0.07315794077844609,1.0,1.0,0.0,1.0,1.0,0.04000013917630244,0.0,1
1.0,0.2741435268098045,0.27982171049824345,0.4999995498634285,0.5000009908688136,0.2307682572692167,0.25000039185874273,0.005789469049149713,1.0,1.0,0.0,0.0,0.0,0.0,0.0,1
1.0,0.44959497104031204,0.09071447366549562,0.0,0.0,1.0,0.875002285842666,0.0,1.0,1.0,0.0,1.0,0.0,0.0,0.010000020840419076,1
1.0,0.36448602223866283,0.4642869842263217,0.0,0.0,0.07692149827440546,0.1250001698054552,0.0175439523503389,1.0,1.0,0.0,1.0,0.0,0.11400017918948939,0.0,1
0.0,0.24398775606604967,0.023750124454179535,0.0,0.0,0.692306824050923,0.0,0.058421091257085646,1.0,1.0,0.0,1.0,0.0,0.11000016527185916,5.001700578196528E-5,1
0.0,0.2856077467751749,0.04464295873810574,0.0,0.0,0.6153839576143356,0.0,0.008771976175169444,1.0,1.0,0.0,0.0,0.0,0.06000020876445367,0.008090021440623147,1
0.0,0.33956395453415017,0.0103572546119163,0.0,0.0,0.4615376432722335,0.1250001698054552,0.004386046798354921,1.0,0.0,0.014925427299573824,0.0,0.0,0.13600021224386122,0.0010800026175566359,1
0.0,0.482866000247131,0.05357147936905288,0.0,0.0,1.0,0.875002285842666,0.0,1.0,1.0,0.0,1.0,0.0,0.03800017571008183,0.0,1
1.0,0.40398756837160993,0.07732160382323239,0.4999995498634285,0.5000009908688136,0.38461467422348244,0.875002285842666,0.0,1.0,1.0,0.0,1.0,0.0,0.06000020876445367,0.0,1
0.0,0.29595033605125304,0.025357183495242287,0.0,0.0,0.692306824050923,0.0,0.008771976175169444,1.0,0.0,0.014925427299573824,0.0,0.0,0.12000015657334025,4.001360462557222E-5,1
1.0,0.3561372171483897,0.1294643492113161,0.0,0.0,0.9230750813201397,0.0,0.008771976175169444,1.0,1.0,0.0,0.0,0.0,0.05000013047778354,0.0,1
1.0,0.42579437761305855,0.09821443810715862,0.0,0.0,0.2307682572692167,0.25000039185874273,0.08771935077630315,1.0,1.0,0.0,0.0,0.0,0.11600022964089904,0.0020000029176586707,1
0.5000004593523683,0.41333334376080216,0.0803572190535793,0.4999995498634285,0.5000009908688136,0.15384504879208385,0.0,0.12280707934467039,1.0,1.0,0.0,0.0,0.0,0.10000017397037805,0.0014100106536222318,1
1.0,0.3935203343463619,0.026785739684526428,0.4999995498634285,0.5000009908688136,0.9230750813201397,0.0,0.12280707934467039,1.0,1.0,0.0,0.0,0.0,0.16000020876445367,0.0,1
0.0,0.6542058413637878,0.25000017779168504,0.0,0.0,0.9230750813201397,0.1250001698054552,0.10526324441587186,1.0,1.0,0.0,1.0,0.0,0.0,0.0,1
1.0,0.45071660172960426,0.015000106675011029,0.4999995498634285,0.5000009908688136,0.692306824050923,0.0,0.010175515847504648,1.0,1.0,0.0,0.0,0.0,0.15450022224715798,2.000680231278611E-5,1
0.0,0.25956404838137004,0.3035716571607379,0.0,0.0,0.0,0.0,0.005789469049149713,1.0,1.0,0.0,1.0,0.0,0.0,0.003509995481797145,1
1.0,0.5991269080312887,0.1339286984226322,0.0,0.0,0.2307682572692167,0.25000039185874273,0.03508778727913742,1.0,1.0,0.0,1.0,0.0,0.05000013047778354,2.000680231278611E-5,1
0.0,0.28037404373593267,0.014821426031547355,0.0,0.0,0.2307682572692167,0.0,0.011754365879648789,1.0,1.0,0.0,0.0,1.0,0.07200016353215538,0.0,1
1.0,0.26791300988367633,0.4107147936905287,0.0,0.0,0.2307682572692167,0.0,0.0175439523503389,0.0,1.0,0.0,0.0,0.0,0.05000013047778354,6.80022874443978E-4,1
1.0,0.3198755898688798,0.11607147936905289,0.0,0.0,0.0,0.1250001698054552,0.08035092601562294,1.0,0.0,0.014925427299573824,0.0,0.0,0.20799985386488243,2.1001932323656746E-4,1
0.0,0.48498444482330916,0.05946438476965309,0.0,0.0,0.9230750813201397,0.0,0.008771976175169444,1.0,1.0,0.0,1.0,0.0,0.0,0.0039000239248010993,1
0.0,0.19626269088133486,0.013392869842263214,0.0,0.0,0.0,0.0,0.03508778727913742,1.0,1.0,0.0,1.0,0.0,0.06000020876445367,1.800091197673883E-4,1
0.0,0.3561372171483897,0.1339286984226322,0.0,0.0,0.0,0.0,0.008771976175169444,1.0,0.0,0.014925427299573824,0.0,0.0,0.020000156573340245,0.0015400027676076534,1
1.0,0.2772587852728686,0.3214288762143172,0.0,0.0,0.9230750813201397,0.0,0.00298250712601973,1.0,1.0,0.0,1.0,0.0,0.0,0.0,1
0.0,0.292835077588189,0.05357147936905288,0.0,0.0,0.692306824050923,0.0,0.030701740480782495,1.0,1.0,0.0,0.0,0.0,0.08000019136741587,0.0,1
1.0,0.39975085127249005,0.14285721905357932,0.4999995498634285,0.5000009908688136,0.15384504879208385,0.0,0.05263162220793593,1.0,1.0,0.0,0.0,0.0,0.06000020876445367,0.0,1
1.0,0.3872898095996321,0.05357147936905288,0.4999995498634285,0.5000009908688136,0.692306824050923,0.0,0.0014035396723351904,1.0,1.0,0.0,1.0,1.0,0.08000019136741587,0.0,1
1.0,0.396635592809426,0.001428556189284142,0.4999995498634285,0.5000009908688136,0.4615376432722335,0.0,0.0014035396723351904,1.0,1.0,0.0,1.0,0.0,0.0,0.0,1
0.0,0.22330320316202565,0.019285775242863436,0.0,0.0,0.0,0.0,0.061403598383105384,1.0,0.0,0.014925427299573824,0.0,0.0,0.04000013917630244,5.001700578196528E-5,1
1.0,0.6458565670374153,0.0728572546119163,0.4999995498634285,0.5000009908688136,1.0,0.875002285842666,0.05263162220793593,1.0,1.0,0.0,1.0,0.0,0.06000020876445367,1.0003401156393056E-5,1
1.0,0.5877885997525562,0.20839301207561123,0.0,0.0,0.692306824050923,0.0,0.19298253648140481,1.0,1.0,0.0,1.0,0.0,0.2325001022075971,0.0015000412640297706,1
1.0,0.3218693740546848,0.45839318986729627,0.0,0.0,0.15384504879208385,0.0,0.0175439523503389,1.0,1.0,0.0,1.0,0.0,0.0,2.000680231278611E-5,1
0.0,0.518130813639755,0.03714299429644275,0.0,0.0,0.9230750813201397,0.0,0.023333421399488626,1.0,1.0,0.0,1.0,0.0,0.12000015657334025,0.002370024558349839,1
0.0,0.38105928485290225,0.38089379435902543,0.0,0.0,0.6153839576143356,0.1250001698054552,0.00298250712601973,1.0,0.0,0.17910476468774125,0.0,0.0,0.06450021354863907,3.0010203469179167E-5,1
1.0,0.24199397188024468,0.2589288762143172,0.0,0.0,0.4615376432722335,0.0,0.0014035396723351904,1.0,0.0,0.014925427299573824,1.0,0.0,0.05000013047778354,1.0003401156393056E-5,1
0.0,0.22330320316202565,0.36464363434650887,0.0,0.0,1.0,0.875002285842666,0.0,1.0,1.0,0.0,1.0,0.0,0.0,5.000137546765898E-4,1
0.0,0.2502182729921778,0.04464295873810574,0.0,0.0,0.0,0.0,0.0,1.0,1.0,0.0,1.0,0.0,0.0,0.0,1
1.0,0.3467914417591974,0.0357144381071586,0.4999995498634285,0.5000009908688136,0.07692149827440546,0.1250001698054552,0.10526324441587186,1.0,1.0,0.0,1.0,0.0,0.08800018440860075,0.005370018514628307,1
1.0,0.21283454578727648,0.11750021335002205,0.0,0.0,0.2307682572692167,0.0,0.011754365879648789,1.0,1.0,0.0,0.0,0.0,0.07000020006593477,2.000680231278611E-5,1
1.0,0.4538318601926683,0.026785739684526428,0.4999995498634285,0.5000009908688136,0.07692149827440546,0.0,0.02052634205481824,1.0,1.0,0.0,1.0,0.0,0.12000015657334025,3.0010203469179167E-5,1
1.0,0.5056697797874986,0.11750021335002205,0.0,0.0,0.4615376432722335,0.0,0.12280707934467039,1.0,1.0,0.0,0.0,1.0,0.19999982602962196,0.0,1
1.0,0.26267930684443414,0.3601792851351928,0.4999995498634285,0.5000009908688136,0.8461535830457342,0.1250001698054552,0.04385964603276647,1.0,1.0,0.0,1.0,0.0,0.1300002348600104,0.0,1
0.0,0.2824923319000777,0.026785739684526428,0.0,0.0,0.0,0.0,0.07017548062104252,1.0,0.0,0.02985086911543343,0.0,0.0,0.10000017397037805,0.003940037529426671,1
0.0,0.31464188682963756,0.48214260315473567,0.4999995498634285,0.5000009908688136,1.0,0.875002285842666,0.07017548062104252,1.0,0.0,0.014925427299573824,0.0,0.0,0.10000017397037805,1.0003401156393056E-5,1
1.0,0.4361371233011698,0.12053582858036896,0.0,0.0,0.0,0.1250001698054552,0.290877226972902,1.0,1.0,0.0,0.0,0.0,0.0,0.0,1
